50
12 13 15 16 12 18 13 15 13 10 9 10 12 17 8 11 10 17 11 10 10 10 13 17 16 9 16 8 8 14 17 13 10 13 17 12 12 12 10 14 18 17 13 10 13 12 12 12 14 11
1 7 15 17 20 22 23 29 43 46 47 50
4 6 9 10 22 27 29 33 42 44 45 47 49
1 2 4 14 15 17 26 28 30 31 35 36 45 47 50
3 11 12 19 22 27 30 32 33 36 38 39 42 43 46 47
2 6 15 19 24 28 29 30 38 42 48 49
1 3 6 9 15 19 22 23 26 27 29 30 32 33 37 46 47 49
3 15 17 23 26 28 30 32 33 42 43 44 49
1 2 11 12 13 26 27 31 33 34 35 42 45 47 49
2 7 16 17 18 26 28 30 35 43 45 48 49
4 6 9 12 15 22 39 42 45 46
1 5 7 28 35 40 42 45 49
9 15 26 28 31 32 33 38 42 43
6 15 24 26 27 29 32 33 36 45 48 49
2 3 14 17 20 21 22 23 26 31 36 43 44 45 46 47 50
6 9 15 17 28 43 45 47
1 4 9 12 13 14 21 26 32 33 41
4 6 11 18 26 28 30 38 44 50
1 6 8 9 14 15 17 22 27 30 32 38 39 46 47 48 49
4 9 11 16 19 27 32 35 36 45 46
4 6 15 19 26 30 32 35 46 47
2 6 17 18 26 30 38 44 46 49
11 15 17 21 22 27 28 33 43 46
6 12 19 20 21 22 28 32 33 42 43 49 50
1 2 6 7 9 10 14 17 26 31 33 36 38 39 45 49 50
2 6 8 12 15 16 19 21 26 32 37 39 44 45 47 50
11 22 25 27 28 33 36 44 45
6 10 19 20 27 28 31 32 33 36 38 42 43 45 48 50
3 6 19 30 33 39 47 48
9 14 20 27 32 33 43 49
1 2 3 6 13 14 17 19 31 38 42 43 49 50
2 3 6 13 14 17 18 24 25 32 36 38 42 45 46 49 50
1 4 6 11 15 18 27 31 32 35 42 45 49
2 15 21 27 28 29 30 37 44 45
2 4 5 6 9 10 15 27 29 37 39 42 44
1 2 9 11 13 24 25 26 30 32 35 36 42 43 47 49 50
4 9 13 15 20 21 26 32 38 42 46 49
4 6 9 15 18 20 27 30 32 36 39 43
2 6 22 27 28 29 30 31 33 36 47 50
13 22 25 26 28 36 42 44 46 49
5 11 19 26 28 30 32 33 36 42 43 44 49 50
4 6 7 9 11 16 17 18 19 26 28 30 31 32 38 42 44 46
1 2 6 9 14 19 20 23 26 27 30 33 43 44 45 47 48
3 14 17 21 26 28 31 32 35 39 41 49 50
3 14 18 21 22 27 33 36 45 50
1 9 12 14 15 16 18 25 26 30 33 43 45
4 9 12 17 18 19 26 27 29 33 45 48
1 5 6 11 14 15 17 23 33 37 38 50
1 6 15 22 23 26 28 33 36 42 47 49
1 3 4 13 15 18 22 27 28 38 42 45 46 47
1 9 25 28 31 32 33 39 46 49 50
-43 -76 15 66 -13 -37 -24 76 59 47 -80 22 35 78 53 -61 -67 58 43 -99 -64 -85 -57 -38 19 4 -43 -64 -43 78 16 81 0 -91 71 -66 30 32 -12 6 -60 23 2 -17 -87 22 4 -9 -44 47
-80 -84 -54 -4 34 59 1 -48 -44 -80 97 -45 -31 -87 -31 95 -10 -70 -6 -16 17 -50 22 99 -29 82 53 -22 -60 -23 55 87 60 27 9 -1 97 -91 55 32 -65 12 49 19 3 -88 9 -55 -92
-50 24 -34 21 84 9 37 65 -23 71 62 -76 -58 93 -80 27 -54 82 -68 2 76 74 -8 25 -49 43 59 55 81 11 -19 -99 77 98 82 -56 -50 -60 72 -83 87 -55 -69 -100 -43 -67 45 33
-6 -28 97 -50 10 -84 54 3 -6 -98 -64 51 79 -54 67 75 59 99 68 36 -29 -82 24 -27 66 -91 -57 -54 98 99 -86 -81 45 44 32 -34 -87 42 -68 3 89 -46 1 -3 35 75 97
-30 68 61 75 15 21 76 41 -23 54 29 30 62 75 -64 -66 81 -19 15 99 -37 -59 -23 -53 -54 -7 11 73 -61 -56 94 6 -89 -86 -86 36 45 -48 4 4 -81 45 6 44 -32 13
-90 89 -18 -39 -24 -15 15 -36 42 -17 -9 -45 68 48 -40 87 11 -11 4 -18 21 77 -7 -34 -63 66 52 97 -40 82 -23 -24 35 -39 -97 -49 11 70 -23 4 81 27 -56 -56 -59
31 -64 94 -84 100 -14 -93 -44 79 -71 -99 55 -32 67 64 78 -41 85 28 45 50 80 -57 44 -8 -39 -1 34 42 -79 86 -65 54 16 17 70 -10 47 98 6 -46 48 81 83
94 -92 -60 -57 51 37 -22 19 -27 -91 83 90 52 70 1 -68 -13 -80 56 -82 -51 -9 65 67 38 -79 46 35 -78 30 88 3 -22 -78 90 -61 -19 -98 -78 -51 59 -14 -24
81 81 -50 -40 75 2 10 32 40 83 40 65 32 75 56 -86 -97 -18 66 -87 -51 -20 -69 67 -44 -25 -39 -85 51 48 3 36 -6 -36 18 75 -63 -18 100 -54 68 -33
-17 65 -41 49 50 -97 26 -83 -80 42 -87 -58 -95 4 89 -28 56 20 -73 45 -58 -91 -70 -67 66 -9 -93 59 1 13 33 -18 -89 -26 -44 -15 -34 -58 13 22 7
60 -97 58 93 91 -91 -7 -96 -25 49 90 -97 35 -41 -96 -46 55 76 -39 -39 72 -82 83 33 -29 79 47 34 -24 -34 19 91 -37 -34 -86 -73 -88 82 83 -37
60 -46 -56 16 -48 -45 14 -96 -55 -34 59 22 -25 53 69 -29 -100 -12 31 41 90 44 -18 -77 -21 96 92 -26 -46 52 91 64 -8 -72 -92 56 -52 61 -71
-17 -10 -96 60 -80 70 -13 77 16 -46 -57 -82 -61 -63 77 52 88 -5 79 -62 -91 -7 -57 34 -7 -62 1 25 -69 -39 -90 15 72 0 -39 85 70 44
44 97 -60 -39 -57 -37 36 43 -32 -90 -70 -27 31 -20 -98 62 -93 3 -60 66 -22 -6 27 51 70 83 -23 -89 -81 51 -54 94 9 -84 -5 15 -53
48 -48 -60 -63 94 38 -96 -65 37 52 50 26 -60 -94 -19 53 14 -62 23 95 -62 -87 -47 -39 33 77 -70 -22 -16 -71 -32 -92 -51 26 26 76
-70 -59 96 -11 -10 88 51 -34 -62 -55 89 2 48 83 82 1 86 -75 -80 -82 92 48 -19 -21 -62 -19 -30 -3 -52 -2 29 -77 -44 4 -48
35 -82 82 -60 -48 35 51 10 51 -14 -81 -75 -3 94 25 51 -81 13 -41 8 26 -6 56 -47 -68 30 33 -8 -12 26 8 86 -95 72
92 -83 -67 12 -50 -33 6 -67 -47 22 -25 -61 -19 -23 79 72 -80 -33 55 -66 58 59 25 69 79 12 -85 -78 -31 -7 51 -32 -89
44 -91 9 100 43 52 30 -42 54 -45 -3 52 -28 -89 -31 -20 -66 20 42 -2 -69 93 -96 -52 -20 48 60 -2 22 -56 11 -86
5 -80 -78 -100 52 6 -68 -89 29 49 -89 -15 -100 -57 -28 7 -51 51 0 85 11 28 -9 -31 -52 78 -70 22 26 83 32
64 -98 61 78 63 74 -99 50 -76 -88 -77 46 9 -73 -85 25 98 -56 -100 -90 -100 7 88 40 -61 -77 -25 84 -7 -62
-91 22 -68 4 87 66 -4 1 60 74 -31 -35 38 52 25 -27 -2 24 63 -47 2 61 -39 61 56 75 -56 20 -33
98 29 -49 -86 23 -88 -95 -25 -7 19 -79 21 63 -92 29 97 86 11 -49 4 89 58 80 -73 34 25 61 -20
-64 -2 53 86 77 72 29 -70 94 -63 49 11 -48 67 22 48 -62 74 -100 -17 20 -87 -28 -71 67 51 -71
89 -40 -79 30 59 -78 -71 -88 94 0 -69 24 51 91 -86 3 66 24 43 -74 75 25 -89 -71 -58 -11
8 85 64 -72 60 31 87 27 5 57 -63 40 14 -78 -21 -89 -27 45 -36 23 -13 -1 19 19 -20
4 -63 46 61 58 77 0 7 -32 83 -100 32 -22 -56 49 -67 44 49 -25 42 -38 -24 -20 47
88 -69 -33 -79 96 -26 15 95 48 47 -9 -9 -11 -67 -100 -9 -80 -26 -40 29 -18 -27 -34
45 -100 3 -56 74 96 -22 -22 55 -69 49 -46 -43 -99 63 69 8 -20 -42 44 -28 61
18 -8 21 -46 -98 -98 84 -34 -94 59 7 -17 90 -53 13 26 69 -2 84 -42 42
-76 27 74 48 39 65 51 61 -63 -3 39 57 -74 -44 -98 -64 -48 -4 53 -22
-3 -51 -53 -61 -100 -16 -72 72 -63 77 -84 58 87 10 46 -78 58 74 85
-51 32 -54 -96 -70 41 66 -43 -16 -35 -65 -64 -58 -3 -90 82 -5 75
15 26 -24 88 -33 -16 -13 59 27 70 49 -22 19 7 -19 64 -35
27 17 68 78 24 -35 -70 -66 -30 -41 35 -10 53 -20 21 -10
8 31 -89 62 24 41 15 79 -56 -48 -92 39 -47 -13 -35
2 43 76 35 -88 77 -8 36 -11 47 51 10 -99 -73
-74 -22 -3 32 -33 -64 66 -64 -46 37 -60 99 -10
26 80 49 -85 -19 -78 -40 -80 46 80 -24 -77
-66 19 -91 10 -81 -73 -30 -77 60 -5 -51
31 -58 -14 -43 91 -3 -56 -62 68 70
-7 -39 -69 2 9 83 43 43 -46
66 38 -15 -49 -72 69 46 -26
57 40 -60 0 -56 10 45
-42 -58 -61 86 26 -74
-96 50 17 88 -38
-83 24 -43 -87
-25 -22 12
-63 23
-8
