100
17 8 1 7 12 3 24 16 25 16 5 21 19 17 24 10 9 9 10 10 24 21 13 19 17 21 3 18 21 6 3 2 12 4 15 9 6 4 15 14 21 5 21 9 4 20 15 24 16 22 13 8 14 9 14 13 14 20 20 18 4 19 12 4 22 9 19 18 22 22 7 19 12 23 14 13 19 9 9 20 9 6 17 12 8 18 19 4 13 19 21 20 8 8 22 20 13 7 17 23
56 26 90 32 22 1 23 61 15 17 81 28 100 93 4 71 92
63 38 48 24 1 71 64 77
1
51 31 45 15 46 40 88
7 92 22 90 84 8 44 80 11 49 15 97
54 26 20
71 55 65 92 22 18 7 8 99 27 81 89 29 19 80 93 39 73 68 25 83 56 98 86
57 79 71 65 83 63 61 17 92 86 10 49 20 66 43 42
69 79 18 33 22 70 77 5 49 23 68 35 37 44 55 48 90 24 65 47 57 76 83 25 16
16 62 81 30 14 19 32 75 24 21 40 57 94 65 96 84
52 65 44 67 56
55 64 69 74 46 25 41 85 23 47 49 34 80 32 94 61 90 6 48 1 26
79 35 96 85 42 92 16 91 62 30 38 12 94 40 52 3 59 55 23
24 4 64 8 95 25 17 75 78 45 29 19 58 67 56 23 40
90 57 69 52 49 59 66 16 2 61 70 28 50 42 9 73 43 74 36 26 88 100 24 12
3 20 9 37 19 56 26 23 97 60
84 54 89 51 52 50 38 36 45
27 30 64 89 72 9 32 50 77
70 58 52 63 59 16 37 10 62 15
35 44 84 81 96 73 31 97 50 20
37 27 54 84 100 75 51 63 36 9 82 42 61 83 78 79 70 74 20 16 81 49 50 39
47 88 32 65 66 76 15 64 31 3 6 38 24 45 53 57 59 73 25 16 18
37 67 53 35 54 93 95 57 7 11 79 74 27
48 61 23 2 15 37 41 52 16 89 27 17 98 5 28 64 33 72 1
26 86 23 51 85 25 18 17 42 71 33 81 28 34 47 91 97
58 57 25 59 100 76 74 48 30 98 44 81 56 53 32 24 27 12 89 28 50
53 4 26
36 70 47 92 85 84 40 19 35 37 55 73 4 66 76 99 81 2
37 70 29 85 42 12 67 21 66 72 83 10 18 91 28 68 56 46 55 7 57
96 21 71 84 45 28
55 22 33
50 53
24 11 7 61 33 85 26 30 64 78 2 100
98 47 21 61
60 15 14 51 94 81 93 87 4 62 71 73 42 67 78
97 89 32 94 16 99 26 84 5
82 70 92 91 2 63
83 79 15 78
19 8 69 25 79 97 43 31 5 27 80 60 45 99 33
77 80 88 73 27 1 33 39 60 44 16 58 82 5
17 67 27 78 56 53 96 3 21 5 29 66 64 83 4 99 72 95 68 70 40
1 98 75 32 4
56 58 89 40 34 25 62 3 66 11 68 83 15 87 26 42 23 53 88 95 96
98 64 50 63 48 69 78 11 12
86 72 62 87
52 76 2 38 4 47 13 100 11 30 80 53 36 5 37 79 71 41 22 81
65 59 49 98 85 3 57 97 50 62 7 27 6 8 55
78 37 81 41 7 76 71 74 35 14 100 24 33 69 98 19 25 31 36 68 77 94 54 51
12 34 87 14 95 9 37 30 62 58 19 82 3 84 17 25
12 2 74 79 54 66 3 63 27 52 42 83 48 86 7 24 72 89 81 77 13 58
58 24 74 54 50 85 6 27 3 28 31 92 10
56 44 63 51 35 18 94 77
55 60 65 33 25 51 76 75 92 6 84 17 46 99
67 71 25 5 35 65 99 48 19
66 84 47 44 24 38 34 75 61 55 73 21 53 95
99 79 53 26 38 51 30 28 63 37 74 54 47
72 65 32 58 73 39 21 2 93 3 90 26 67 89
68 35 51 52 11 30 26 47 93 9 57 48 38 65 16 44 73 43 2 45
44 52 80 9 69 84 13 1 60 56 41 18 17 33 2 29 27 12 50 61
81 22 86 8 40 18 61 75 66 6 97 99 48 96 73 33 30 71
40 30 16 64
5 22 26 9 78 61 98 69 31 29 59 54 39 21 94 76 86 56 10
53 80 41 47 35 52 65 25 70 27 69 73
49 94 40 66
9 78 4 43 11 63 51 39 18 69 66 50 2 53 31 67 94 25 10 13 19 34
93 67 78 72 82 23 36 84 66
7 57 8 49 58 63 12 92 47 68 52 18 1 38 35 29 81 59 85
19 61 53 73 35 62 89 86 34 16 54 23 90 40 68 97 38 74
87 51 84 41 54 34 8 96 21 49 6 11 30 20 5 79 38 86 29 58 55 91
55 1 65 53 48 75 24 2 95 64 34 79 51 58 28 99 91 46 12 17 13 5
75 78 23 72 3 74 53
69 31 47 23 14 86 77 11 74 73 63 9 7 92 98 35 52 72 28
69 72 11 7 85 45 90 26 9 94 95 20
1 27 53 3 37 61 67 98 28 30 33 81 49 57 21 71 11 74 51 56 55 96 89
66 82 52 45 7 50 100 25 3 87 21 93 43 4
53 86 28 4 71 10 23 60 1 68 84 91 74
24 75 61 49 45 34 94 36 39 25 32 11 100 52 1 84 87 15 65
22 72 73 41 46 1 68 3 48
44 65 77 58 50 78 14 74 68
97 90 89 53 65 64 72 4 47 31 62 56 28 59 86 20 26 33 69 54
99 76 4 73 13 32 50 51 72
97 22 20 60 2 35
32 31 13 56 22 75 61 7 81 53 34 90 82 94 63 47 6
95 7 16 20 68 70 66 100 50 10 8 32
21 1 3 45 49 23 50 94
3 26 55 85 48 72 38 80 59 73 20 51 69 76 57 45 49 81
98 34 55 37 91 10 46 76 63 2 18 99 42 8 60 75 29 49 43
3 97 24 84
5 22 55 82 20 35 4 25 15 36 33 1 2
74 54 52 38 56 82 16 88 48 35 50 30 85 14 22 42 64 98 97
37 53 81 29 91 59 71 74 41 43 73 51 1 39 90 98 96 100 64 66 82
33 64 89 44 27 96 81 92 18 16 48 56 34 8 61 84 23 26 99 5
34 17 50 60 8 97 24 87
22 33 25 15 66 21 93 96
34 82 51 94 81 80 60 70 64 26 37 18 98 30 9 27 38 71 74 7 58 45
15 79 95 91 62 64 87 25 68 71 69 43 61 56 53 34 59 22 60 26
6 35 29 34 60 86 59 76 56 93 25 88 92
47 58 16 49 74 56 48
13 86 19 3 12 72 64 55 16 53 80 51 39 79 47 8 37
71 5 6 42 38 61 86 70 67 7 53 33 31 44 72 97 92 12 46 56 74 8 41
-3 -73 -51 9 -98 76 66 60 -16 -99 0 25 -99 -7 -78 -25 83 96 -4 91 78 12 -49 8 95 -94 61 -11 -89 3 -36 65 -93 -40 7 -30 13 63 -25 -53 76 23 60 12 -81 41 -33 74 -95 -13 3 -62 82 -22 58 -20 -19 -97 98 27 -38 -87 -53 54 -90 -81 12 74 89 65 96 1 -70 -46 -76 -88 -47 -82 48 44 55 57 -68 10 17 37 -50 -56 6 -2 2 -57 -98 98 -5 99 -23 -23 -10 -50
-80 51 52 82 46 -80 -43 29 -13 -72 18 -4 -83 -51 1 97 -65 6 -49 -34 23 -65 31 16 -95 -16 -13 3 61 16 -17 46 7 -58 -26 -36 -92 -65 56 44 80 -75 17 -43 47 58 48 -77 64 9 -41 54 86 -77 -86 19 -22 45 9 -7 -50 -77 -96 34 -63 -72 -28 -21 94 -6 58 88 5 46 80 86 92 84 -19 45 -55 28 25 -100 -7 44 84 -13 -72 18 -69 -88 -34 -27 9 13 51 -19 36
-68 92 1 -40 -91 47 -65 16 -63 -76 37 88 -52 28 -80 -17 -65 3 100 -81 -65 56 88 -23 6 -11 -4 -58 75 -97 -47 98 -88 54 56 4 76 -86 -51 19 14 -80 -41 -7 54 56 -75 22 -36 49 -32 -39 -66 -73 92 97 23 -84 16 22 -16 -42 -22 26 -51 -14 -91 -26 94 57 25 -12 71 95 -11 31 -56 -58 -81 -65 24 -41 -1 -6 40 97 94 83 82 -77 3 75 -60 -32 -71 64 -85 87
-29 -80 -46 -42 -92 96 -8 21 -50 -86 87 99 70 -2 -5 63 65 -87 -6 -3 11 -96 80 -14 -60 -73 19 -75 -87 77 -93 -69 89 -87 44 -44 39 -19 -76 77 71 -75 -94 -96 -15 -21 -86 -79 57 89 80 28 79 -53 69 -96 -58 12 57 40 -75 -53 82 3 41 -97 -69 68 98 65 76 90 83 -87 -64 -76 25 31 -37 -96 -12 35 -85 68 -59 -5 -33 33 36 -84 77 48 97 -28 82 43 -7
35 85 -61 41 0 -77 78 92 -64 95 23 35 -77 56 100 -15 55 -87 26 -86 1 96 -56 -36 98 96 -76 -37 -87 -38 79 -8 -80 -38 0 39 -34 11 69 33 -44 -63 -15 -79 14 -86 -37 -6 -40 -98 -71 69 40 -13 -34 -7 89 79 -54 -10 76 -83 62 100 -3 40 -66 88 76 4 -79 -45 77 65 96 94 56 4 5 -28 63 65 76 -42 -7 -24 93 75 -23 -70 -97 -77 73 88 -1 15
-84 98 10 -69 -66 -24 90 8 78 52 -21 -75 38 -51 -57 80 -64 -28 2 87 13 -69 -55 -6 37 87 44 -40 -79 -84 -13 1 10 -95 92 -54 60 27 -67 -3 -93 57 58 27 -85 98 -93 -87 -65 -80 31 94 -27 -90 11 21 30 -19 -14 -98 83 -9 28 94 34 -15 75 100 -45 -66 42 -97 16 -64 15 19 37 -3 24 -97 51 -5 77 -85 88 -33 50 34 -70 31 71 -63 41 -71 52
-15 46 -88 71 -30 -82 52 91 -10 -25 37 11 -3 9 28 -10 -19 -46 -84 91 15 -62 70 -77 -81 2 -95 -48 87 50 -5 82 -9 -100 -61 -77 56 36 -2 100 -70 88 -32 50 -78 18 77 -73 39 55 -100 -68 -9 -1 92 87 16 2 -77 35 -53 66 13 -59 66 -72 -51 -9 -41 64 19 -76 -48 -47 20 57 -85 -80 96 -80 76 52 71 -35 -5 93 71 -86 25 -5 75 -39 51 -49
18 -10 61 -16 52 -82 87 93 -16 -67 51 26 77 -68 -22 -94 14 -89 -1 -13 -7 31 -53 54 -48 -15 44 36 -43 28 8 -34 49 60 75 89 -58 69 94 84 93 90 -77 94 -94 19 -17 43 16 8 5 -96 -35 -82 1 16 48 6 -38 24 87 -91 1 -44 81 82 -89 87 -98 70 12 53 30 -76 -12 -24 29 86 1 93 73 63 76 -30 71 -21 93 -98 7 -65 -12 -27 -94
30 84 54 -61 -11 -44 -93 21 -6 71 -2 60 -60 -68 20 34 32 30 -28 -3 -26 -45 -6 19 49 -52 6 -95 -5 67 6 71 50 -91 68 -15 9 83 59 -4 22 -9 -17 -82 55 30 14 52 47 -67 15 35 -60 -88 46 -32 84 -31 15 84 -79 -54 10 28 24 87 -63 36 11 -78 -75 -10 -92 27 54 -37 58 -86 -72 18 77 52 100 -47 -4 76 5 31 -12 35 -99 27
-61 -81 -1 -72 59 69 97 76 -92 -50 77 42 46 -68 -87 -28 26 -53 49 95 73 -53 -10 -20 33 -32 -7 -62 3 -31 -50 -86 -13 88 -60 91 76 53 -33 36 5 -33 -7 47 79 -56 80 30 -68 70 -100 -22 -88 71 17 44 -75 19 -31 -74 70 -57 73 -63 -16 -89 -86 85 -2 -22 43 -60 7 -14 -72 59 48 73 -68 34 -29 -41 -31 -10 -8 75 -16 89 77 -69 51
-73 -31 73 -53 55 -24 28 46 36 29 81 -40 94 -20 42 91 -5 46 -14 -55 -74 -58 -91 -6 -92 36 40 -15 38 -90 36 -23 -100 -90 77 -62 -42 83 -82 96 57 -38 46 8 82 -7 17 100 13 77 -92 15 30 20 -68 -42 -54 -13 44 32 38 -14 52 70 11 79 -97 -77 36 80 23 -67 -43 40 -19 73 76 -87 24 85 2 90 40 67 -36 -32 53 -64 -25 24
-14 6 -2 28 -38 32 19 33 -100 -83 -21 -11 48 5 18 53 -89 47 -2 35 8 26 28 -29 -24 100 18 52 8 -17 82 -85 47 34 17 43 8 71 4 -39 30 -95 -44 66 -32 -21 -88 -76 85 -41 -1 79 -52 -14 96 -47 -30 81 79 -61 -31 -96 52 -67 -42 -87 15 -15 44 73 63 27 57 -45 -54 -75 8 -24 11 -59 42 16 -49 51 85 -24 89 18 96
-89 -49 38 99 -19 -15 -39 12 -15 85 -56 -52 18 17 93 9 25 -79 41 27 24 98 92 61 42 26 30 -97 57 31 6 23 89 33 88 -49 -68 -82 87 -56 -34 59 71 95 -39 6 -11 63 34 91 67 11 -97 -50 23 -77 -96 -78 -80 18 -53 -96 28 77 -39 28 -46 17 49 25 9 -35 29 7 -45 -69 -51 -12 -68 28 -85 19 68 -94 -21 -22 96 -70
54 38 69 50 -18 -77 -69 53 0 21 -33 -71 65 32 17 -96 -29 84 -43 -30 -3 -87 12 -28 -69 -29 -76 86 1 -66 -65 -98 -70 17 -78 51 -98 87 30 -27 90 -28 79 -38 54 48 -90 93 -30 -86 67 57 -83 -57 -57 17 -12 -56 87 -50 -20 -93 -47 45 -50 -97 77 -52 -70 -91 -16 -92 -26 -92 90 -86 96 49 39 -95 54 -67 -10 86 -36 -64 -55
-57 11 21 -89 22 41 49 6 82 35 84 -75 72 -41 74 77 20 63 -56 81 -57 -81 -65 -94 39 -100 11 -74 47 -7 -41 22 -42 -48 -43 27 11 -23 -16 -87 -26 25 -82 93 27 88 -20 59 37 -39 83 53 93 -10 -14 -50 -61 5 40 -46 74 36 44 -59 -47 -4 6 53 25 -26 4 -38 14 -61 -76 -80 91 -8 74 40 45 -61 45 19 -69 -71
-58 -90 -51 80 52 15 -10 15 53 -80 -10 42 82 1 -93 -36 5 -48 -67 96 -21 -53 38 81 70 34 -34 14 52 96 39 39 100 79 2 -62 -33 -25 68 32 -23 21 -34 87 -16 -66 -39 -77 34 -11 1 69 15 -69 -23 73 -61 -21 59 24 -67 -52 -83 15 -24 -78 67 39 0 86 62 -35 21 -93 72 6 -53 87 -54 -99 -8 -55 -20 -76 -40
-63 23 25 -29 92 -29 -88 -8 -34 -70 36 61 76 -15 95 -96 88 -32 -12 89 -64 -49 23 -16 34 7 -6 21 -3 46 16 47 45 -67 -57 -69 22 -45 54 78 56 -80 -48 -77 81 -60 -97 78 59 61 -19 -98 70 -50 -6 96 -45 6 -60 28 -48 -8 14 -94 -35 -24 -50 43 -19 -13 6 24 69 65 -65 77 6 46 74 82 -11 -95 45 32
76 12 69 40 -15 -86 -71 86 -52 47 -48 -79 -23 -80 -23 -39 -21 37 -49 -54 -70 -41 79 98 -21 60 -78 87 67 3 -36 59 45 12 -72 -88 3 -29 12 76 51 -43 87 -20 -52 82 42 -49 11 -26 86 -45 -7 -17 -34 -39 -81 -60 80 3 -94 -7 10 39 54 82 46 -30 41 63 67 -9 44 -27 81 -37 30 72 -43 82 9 -47 65
20 92 -14 -24 -29 -19 -41 68 -69 -68 89 -1 70 -70 42 33 -56 -16 58 18 -39 66 -8 -24 -9 3 28 -33 70 -41 -28 -27 80 -6 -76 -64 -12 24 -12 92 65 78 25 77 -96 9 36 -3 -24 49 73 -49 49 -20 -94 -73 85 -38 15 11 85 13 97 -26 39 79 29 8 76 -56 48 -64 59 -66 52 36 -25 -83 -37 -19 10 73
-71 -7 -34 85 94 43 -100 -26 -94 19 10 -75 -88 -36 92 70 33 17 69 -16 -7 -48 -88 19 32 6 -46 99 30 -11 -36 -62 65 37 -15 79 8 16 91 -97 49 -72 -46 -66 -85 30 -13 -41 61 -30 87 78 -89 96 64 -52 -53 -80 -54 92 -49 -43 -39 8 31 26 -67 51 -99 -61 60 39 77 -85 47 42 -70 97 -40 -29 9
22 90 -75 35 80 -22 -96 -36 73 -60 67 -38 94 -14 22 74 73 15 -19 -47 39 84 -33 70 -6 -82 64 -67 -36 16 52 13 66 21 5 -12 4 58 70 15 67 84 10 68 32 85 -34 47 -12 -8 94 -68 -59 -89 2 -43 -46 -2 -98 69 -91 85 57 -57 82 85 -5 -12 86 -79 34 -11 -20 70 37 85 91 -77 67 63
83 55 92 23 15 -58 70 22 24 -96 48 -15 -3 -34 -17 -9 1 -34 14 57 96 67 -12 -42 -9 -24 79 -10 58 -40 -46 -6 -94 20 -37 -10 59 -65 -79 91 45 -41 17 -9 -47 97 27 -81 66 98 15 45 60 -42 11 -40 -40 11 -47 99 21 87 84 82 7 8 61 25 79 11 -50 -18 16 -31 51 -9 -70 -12 -29
20 81 -81 43 35 89 55 -26 64 -38 64 -86 63 50 -26 88 49 -14 21 -18 -92 58 -37 75 -35 97 58 86 -74 -5 57 -22 -13 -84 35 54 84 -3 50 -67 11 -12 -48 6 93 -79 99 4 -56 -90 68 -25 9 -64 80 31 56 38 17 -15 -70 -40 25 30 -95 14 -15 -29 53 54 31 70 32 -3 14 10 89 -25
-58 91 32 -13 55 46 -58 -56 -1 -30 31 -69 96 5 -21 21 -14 -97 -50 35 -19 2 -75 98 33 -48 -39 -14 -42 -52 -24 13 55 -9 -72 11 79 -68 78 -9 68 -96 -83 62 0 13 -73 -8 -57 30 5 10 85 -63 -94 81 -7 -37 -27 95 -62 -16 6 55 -20 -87 -4 -83 -15 26 79 -55 -94 87 -7 -96 90
22 -62 -10 57 94 2 36 50 14 79 -90 45 -78 -38 -94 9 -61 -15 -73 -80 -86 -30 -96 -16 62 39 41 56 -52 -38 33 44 84 33 -83 -9 -62 64 -80 72 -56 33 -16 -35 50 -7 15 -32 -94 -23 46 54 22 18 7 8 20 46 -24 92 51 -40 -41 69 36 -21 -67 -50 37 -73 50 -41 -80 48 -46 -39
82 12 65 89 -72 -13 34 -85 -53 -14 -83 -68 2 33 -31 -21 -33 67 35 -39 14 82 -84 -100 16 45 18 -79 23 49 72 95 8 100 27 46 -69 20 -77 -24 -77 -18 -8 20 67 -71 1 -13 -87 -45 -42 -98 91 17 -16 -49 -58 -29 -12 32 14 -71 -83 16 -64 90 -37 53 -24 99 5 13 -63 -85 89
-13 -92 -48 79 -47 61 67 -82 -45 -12 47 66 0 -61 23 -70 -76 39 46 85 -48 -67 30 -83 40 -80 -56 95 63 36 -42 16 41 19 -95 64 -97 66 12 28 29 -72 84 73 60 -11 61 -60 -24 -49 89 91 -42 -55 23 -52 -47 -7 -6 20 27 92 5 10 -28 -23 -28 28 1 34 55 -50 -51 34
51 86 69 -1 5 -15 -100 2 87 32 100 -68 94 -52 -45 -4 14 100 37 64 75 80 -91 -46 -54 -48 30 -41 -23 -1 -89 56 -37 96 -56 -56 36 -41 37 -100 -82 -41 49 61 75 -37 16 59 -22 97 -22 26 -15 5 8 -15 30 -56 -29 90 -70 24 60 -4 63 7 69 43 -91 -2 50 -13 47
-3 -72 39 -1 21 -31 61 -68 -33 43 -14 -42 60 -11 85 75 -91 45 -24 -20 -69 -9 -86 -69 -27 -95 61 -66 70 97 -23 -46 100 44 -52 -28 -96 -43 -75 25 -42 31 64 70 32 56 -31 25 88 8 -64 46 81 -6 27 14 88 -76 94 -54 -98 -80 -56 -40 10 -63 -38 79 -85 -78 -62 4
-62 80 -89 -66 26 -15 -88 -74 -80 80 9 69 -73 3 60 -82 22 73 34 51 84 39 95 36 -28 89 60 74 -22 32 -43 -9 14 -57 88 -66 -62 52 -74 -85 -49 -6 -20 -2 77 72 -22 -6 -43 51 -100 31 -43 9 -25 -39 30 78 -66 89 -74 -57 -52 49 -61 -29 -12 100 -59 0 -16
-18 78 -68 39 59 -38 -22 68 -56 13 -48 19 85 -5 -87 100 -47 65 3 75 -78 -5 -26 -7 -26 -74 -8 9 -29 -58 -89 -73 28 -45 -74 -20 43 -32 -58 63 -22 32 73 -48 35 8 7 -8 -76 -7 94 9 76 -98 -94 85 -97 -68 98 -16 71 -48 56 22 2 41 -49 -55 -32 85
46 -95 16 -93 -49 -6 -10 88 100 93 -27 45 23 -18 0 -99 -85 87 -70 -54 -37 -62 21 97 97 -30 -98 68 -90 27 -84 36 22 43 27 53 -40 -69 -69 8 21 16 55 87 27 58 35 -82 71 2 -11 -26 -19 -22 -17 -37 -85 -51 -27 -89 -85 -97 4 77 88 -31 -89 -38 61
-47 10 45 -78 -52 -49 44 -63 -67 -72 -62 -1 -99 -10 12 13 43 65 -78 77 -71 -14 68 2 -22 -27 64 37 57 -80 54 -45 27 85 -87 45 -26 43 75 -54 -41 -17 99 -91 93 83 -73 16 -33 -100 92 -77 -40 0 -93 65 -39 22 -38 -46 -32 -46 21 49 97 34 9 41
52 61 -39 21 54 -46 29 -89 85 98 -37 -96 -92 42 8 58 -12 -20 29 85 21 81 -12 -88 -2 93 78 -47 -61 90 70 -31 -69 -38 -12 -15 -39 -66 73 -94 -82 -49 -8 -20 76 -30 -3 -13 79 10 94 -71 -6 23 -7 -25 -4 86 27 -79 49 -74 -89 36 33 -16 9
-33 52 68 73 30 2 73 -41 -32 -57 -24 51 4 35 -17 39 83 -59 -69 31 6 45 41 -14 -32 -53 -52 91 -18 29 -18 84 -79 6 -9 18 -89 21 -1 4 -58 -96 49 83 -3 50 11 87 -25 -17 -2 -1 73 -65 83 -60 -38 -54 52 -3 79 -53 -62 -75 44 -99
-32 -16 2 -11 17 40 48 52 -19 -74 86 47 44 -81 27 78 -82 -39 76 -63 40 80 -72 40 -42 4 69 -92 78 -89 -26 16 -21 -28 78 -92 -75 97 -55 98 -6 41 87 68 -55 -82 28 34 24 -14 -44 64 -11 -86 54 -2 87 77 -75 -44 -73 15 46 12 54
49 -81 21 82 57 98 62 -24 37 -50 -12 50 52 -62 -40 99 19 97 71 31 97 -35 -15 24 60 -86 40 64 38 -39 97 13 -28 -96 69 -70 76 88 -32 -83 -6 48 27 96 -26 -83 -56 78 -24 51 -54 -81 11 -40 40 61 -28 48 -29 36 80 98 99 72
-73 34 -93 41 39 33 -87 94 -96 -27 -36 71 -55 27 13 56 7 97 -38 -89 49 -14 79 -90 47 -71 -86 -46 42 -29 96 66 87 42 9 -96 -96 58 57 -37 42 -72 -68 91 98 -32 88 -24 14 92 85 -97 69 21 63 50 -26 -4 -79 51 -23 -47 -20
67 -24 77 -27 35 17 58 -89 92 -41 76 -79 -35 68 -26 -65 -24 -56 88 -49 -36 -29 -2 -12 -37 15 8 35 -57 -5 -10 -20 72 61 -71 28 17 -95 -79 -17 8 -6 -14 -15 -51 -24 -38 -16 92 37 71 35 56 77 99 89 84 -88 41 -10 78 -4
-60 47 -96 -93 -37 -94 51 0 74 11 -35 27 27 23 95 -18 7 1 -62 -6 100 16 2 34 -48 92 100 -1 -8 -91 65 79 1 3 93 -50 -24 -26 -65 -39 -34 51 -79 -56 -12 0 19 -90 -24 41 57 76 -68 31 77 -57 60 21 -23 68 81
17 -9 -49 23 88 100 -44 84 91 70 31 45 -60 50 -73 -75 40 -28 92 17 -88 24 -94 -49 -51 -64 -67 25 -91 -73 -79 -68 60 -90 -34 69 46 46 85 -23 -7 21 10 55 98 -84 -35 -58 92 -98 -20 -76 35 40 25 40 82 -88 -8 39
-52 40 -59 -67 36 12 17 -40 -34 89 -88 83 -63 84 13 76 -76 -4 -88 40 -5 -91 76 22 36 54 -73 -3 -27 -34 -81 94 -32 32 50 -20 -35 -38 -59 28 36 -27 -96 58 -53 -44 82 13 44 -22 76 -23 81 94 -56 37 -6 61 -74
8 -32 -97 40 29 41 -37 -9 -28 9 -87 92 -29 -3 -90 -52 -91 -90 6 98 3 33 77 65 2 -69 -43 -22 -16 54 31 29 -93 -15 2 14 67 -99 -56 67 -41 -76 -91 93 -80 87 89 -15 49 -49 -49 79 -51 -86 -89 -48 44 9
-29 61 41 -4 -55 -8 -27 84 -42 -47 -82 62 -62 -17 -36 -29 -29 -79 39 -97 71 56 -79 -73 52 45 49 41 -50 -83 -91 44 56 -21 90 -68 61 49 58 -18 -72 15 -60 38 -86 15 14 -5 49 -63 -7 45 -25 72 28 -17 -67
17 -30 76 -58 -41 -31 -63 94 67 -55 -79 99 59 24 16 32 10 29 2 7 47 -30 -18 11 95 17 -60 91 50 -16 -55 -43 -45 80 15 76 -80 -84 88 -19 -19 -14 -73 63 -49 10 5 14 -58 -49 -55 -80 -52 -75 93 -47
4 -61 -3 30 -84 94 39 79 48 44 -63 -58 21 52 -33 -82 -66 -35 34 50 -22 83 58 7 24 -54 78 26 81 -14 -4 -57 -98 -54 71 26 -78 -52 11 -77 -16 -92 -3 53 -96 92 34 -69 -8 48 87 91 -22 81 -4
68 -15 -96 57 10 -80 -79 75 69 51 95 -76 6 63 -58 -14 67 -5 -20 -57 -87 -27 78 -85 8 -49 76 -36 -84 -12 53 -24 -81 64 96 -65 95 4 -40 -100 91 -90 -91 84 -56 21 -87 -93 -42 43 72 -78 12 -82
-39 -19 -1 -5 68 -22 -73 -90 -1 -1 66 -20 51 39 -29 77 -65 -20 -65 12 -70 86 20 47 73 -32 -9 76 12 16 96 58 94 47 -92 -9 46 -27 91 97 76 4 45 96 21 -68 -64 1 82 82 -22 66 37
-3 52 78 -69 -85 28 -44 -3 -56 75 -88 -55 93 44 -17 -62 -93 -33 40 -23 -20 84 24 -6 -46 -15 81 79 31 -4 17 66 -36 -31 -91 84 -33 -69 51 19 51 -71 -8 33 8 24 79 -32 -71 -41 -60 -96
80 0 -12 -1 -93 11 -47 77 27 -44 71 -72 20 97 6 23 31 -33 9 37 -74 -60 -50 -75 58 41 -92 -52 -14 94 19 29 -47 31 -55 33 -42 -8 87 84 25 -40 1 2 67 29 19 72 -38 -72 -59
20 -99 90 78 -68 -93 81 86 -3 13 -19 16 74 -26 -15 -56 11 31 -32 -46 -31 46 82 13 39 -69 -39 20 -10 6 -57 15 -24 -87 -38 73 -30 -84 -78 -1 40 -68 -20 -1 42 66 98 -37 79 -75
61 55 -80 26 -98 -63 -11 -84 -66 83 -28 -59 13 -80 -16 54 16 -35 97 -22 -54 -50 69 81 1 31 84 -47 100 78 5 -52 73 52 -61 16 -42 19 21 98 -85 -32 66 -76 56 30 -83 -58 -85
-24 -51 -8 96 -39 -85 23 56 -77 2 -68 -5 22 21 98 71 -56 31 85 38 24 28 -51 -68 30 -46 -18 77 -49 70 51 -63 -54 -56 -5 67 52 98 11 -19 85 6 76 -82 58 -32 -67 65
-87 98 -61 -78 80 -97 48 -31 -99 74 35 12 -75 61 -16 49 -35 93 63 54 -86 -11 -77 46 35 -90 -41 -83 -55 50 55 -9 1 30 37 -83 91 -70 91 98 47 69 -21 -50 54 49 37
-67 -27 92 -68 -100 1 34 42 -8 89 20 79 16 93 61 -43 35 -5 92 -33 -67 -29 41 -60 1 -75 3 -65 -47 -41 83 -77 100 88 -29 0 -48 -95 34 -30 -73 26 89 -83 -95 89
94 -74 99 87 50 94 -57 -23 -28 9 -95 7 -67 7 21 -83 -25 -52 62 -32 48 -78 55 86 37 -41 -53 31 -66 -58 60 -66 1 21 85 36 -83 -70 34 -84 54 85 -16 12 37
-69 -75 -76 -4 70 52 -66 -71 95 58 63 3 73 -25 -28 29 52 -31 16 -4 -18 -64 97 0 83 -5 -37 84 -63 19 -82 99 -29 -25 -69 -66 7 -80 -43 89 58 40 -42 -96
-28 -89 -36 1 -15 -14 100 58 -25 36 -12 -72 -33 -17 -74 -91 -98 42 -24 56 -5 3 -12 9 -2 -16 -75 -63 44 -44 -39 8 -35 -96 -68 -68 -97 -57 66 -44 48 96 93
38 -91 -66 58 -7 -32 47 100 76 -96 -23 56 -38 1 -71 -88 -77 38 10 -79 91 -56 90 -72 -70 54 -15 -62 61 -18 -42 21 80 63 52 63 4 -75 87 80 -11 12
81 25 -14 56 79 -17 2 -98 -93 -51 28 22 -97 -94 59 -11 91 -43 -93 -67 100 -78 -69 3 59 -95 -31 -99 87 92 28 18 -38 -19 -11 -33 76 -77 -100 -7 -80
-26 -16 35 -70 92 77 33 91 10 -89 -27 2 52 94 82 69 57 -45 -28 13 22 12 98 88 -43 80 -24 -22 51 93 -24 -74 38 21 -96 -60 -19 -62 -22 66
28 69 -73 61 -43 11 -28 74 -33 -3 17 34 55 40 -2 48 -57 94 -76 43 80 -4 93 34 -66 -53 -56 -50 63 -11 -1 76 59 57 -3 89 -26 75 -35
-85 24 71 29 84 -29 37 -29 26 24 70 89 27 49 9 51 58 63 -87 93 -18 57 95 -55 15 -33 -100 1 48 -52 87 1 33 77 -38 64 50 59
32 46 -81 -94 -87 -26 -27 -94 -82 87 -57 100 -3 10 -50 70 88 38 45 55 -96 -28 -54 -92 -79 9 70 -67 76 -55 97 -51 -86 78 63 30 42
-12 -7 -92 -38 -47 29 -63 -32 45 -36 23 26 -28 69 43 5 -95 -40 -44 92 5 -73 -91 87 14 -77 49 55 27 62 67 -60 100 -41 -28 -17
31 -64 80 -71 -39 -33 -62 -24 -22 -34 80 31 18 -37 30 -38 35 -81 -10 -35 4 86 45 14 89 -81 13 -35 -79 56 -55 -71 13 -73 98
24 -45 -23 -39 -34 24 22 7 48 -88 1 -47 -21 -52 31 19 72 23 8 -5 -34 44 -30 99 -81 15 -1 -12 -47 73 -24 -2 45 -48
32 58 100 73 -33 -95 -35 -58 -12 52 -58 92 54 -23 25 58 -49 -34 15 52 72 45 -10 -16 91 -98 2 -79 -25 -12 -6 60 -34
-79 94 27 55 36 97 -98 54 -35 15 11 -29 -21 51 -37 21 -15 35 -60 -24 81 34 85 9 57 -94 81 -89 75 -28 -40 46
26 -40 -81 -13 60 84 -22 52 39 56 -45 2 65 52 -55 -6 5 -60 -84 -44 -16 86 32 11 22 19 5 14 11 26 95
83 0 96 16 -15 52 57 95 -84 38 -3 -96 -63 77 71 78 -8 16 -28 85 -64 10 81 44 93 66 -83 55 40 -92
93 82 14 -29 55 -85 -24 -35 81 -81 13 -54 -96 -28 -97 99 -88 -6 -8 -66 74 -17 -67 -77 -65 -13 -90 61 2
-30 16 -72 93 2 -50 -40 -91 48 -60 89 6 -30 -35 -21 87 27 25 -65 -65 67 63 -96 -91 -29 33 41 38
-54 86 66 -82 -79 14 -4 -70 -95 -79 18 -79 -78 31 60 -42 -76 74 -63 0 26 -12 91 -5 50 -1 -47
81 -45 -60 95 57 58 39 -86 47 -80 12 17 -8 18 5 -26 -20 55 -78 88 56 -52 -45 -80 -10 22
-90 -36 51 -64 -53 -85 1 -53 36 -35 67 55 -7 -77 34 39 -29 -48 30 -5 34 11 -44 24 -93
-47 56 -18 -76 -27 98 59 1 -40 59 -24 -39 -98 64 -9 -89 -98 88 0 -75 80 -31 -82 53
-4 -44 -85 -49 96 96 -97 79 74 75 -37 64 -32 -90 -84 -91 -30 -51 -73 65 34 49 -33
-41 -82 -63 -33 97 89 75 81 66 63 -32 60 -6 -24 11 59 -59 95 80 88 -1 -81
28 15 -13 -42 61 98 -84 -11 80 79 -65 100 -28 67 51 16 -72 -91 71 88 95
0 -40 85 -92 -25 96 51 -41 10 76 -58 -10 -29 64 -21 -49 -38 41 39 -74
67 11 -89 35 96 -25 -79 58 -86 48 47 -59 64 91 -89 60 35 2 18
84 62 62 96 -20 -90 42 44 87 -17 48 -30 -54 93 6 -99 -84 -9
9 77 -43 -42 80 87 -37 75 64 -55 -69 7 -75 -44 40 75 79
-7 12 13 9 12 -94 1 -100 -7 9 79 -12 78 -86 43 -88
7 -65 9 5 45 81 85 -53 -92 91 -52 22 -38 48 43
-30 100 96 46 -32 5 31 -61 -87 -57 -73 34 -84 -42
-15 -64 -18 -81 -23 -28 -19 -56 -37 -75 7 77 -91
-60 -77 95 96 -71 -70 -32 48 8 70 -89 -89
-42 -70 13 -99 39 -6 61 -11 3 18 -49
-80 34 78 -88 37 21 79 19 -49 23
-26 11 -86 2 -81 -54 -10 41 76
-26 93 47 -52 -7 -3 7 -84
-28 11 -22 5 46 5 5
40 36 23 -17 8 -10
82 -20 40 90 -80
-98 100 -12 49
-70 24 -30
8 -88
-57
