25
1 2 3 6 3 5 4 5 5 1 4 5 6 3 1 6 2 3 1 1 6 1 4 1 3
8
14 2
14 17 8
23 20 16 3 13 5
19 23 22
11 10 13 8 21
13 4 6 18
3 25 18 6 23
10 12 18 15 25
24
13 9 8 10
25 3 5 1 10
14 1 19 6 10 18
18 23 13
12
8 14 7 20 24 19
16 24
7 9 11
4
9
20 3 6 13 8 5
18
5 20 7 10
21
24 2 8
-56 -65 32 -89 22 -16 45 30 -72 0 40 53 -74 -57 57 -78 34 -73 27 -16 78 17 -17 2 96
-47 -83 -81 36 97 50 -63 -45 -38 90 38 72 39 -98 33 -74 -41 -57 -93 13 12 99 94 59
0 -96 83 -10 34 42 -83 37 46 -54 96 55 77 -76 18 94 -30 11 -81 91 -40 57 -28
-28 -67 -32 90 -59 7 64 -15 -90 -43 -91 -59 -95 -42 -57 -53 62 -63 -10 -49 89 -44
44 70 -32 -69 83 74 -15 -73 87 -96 -44 89 51 7 -27 76 -9 -92 -6 -57 -33
-64 92 -25 18 53 19 88 94 -79 52 10 -26 21 -93 -96 81 -34 73 67 -96
-23 -2 -40 -33 47 32 -31 -87 -1 43 55 -85 7 -55 100 10 -55 -30 54
-20 13 -87 59 80 51 -50 -64 -27 75 -66 65 10 6 -79 69 -62 -82
64 -77 -60 -22 -81 95 80 -47 -4 44 -80 18 4 -12 26 8 22
43 20 -74 53 52 69 16 47 69 -38 -22 -54 -74 16 23 91
-91 66 -95 -7 -69 9 -12 62 -39 5 66 5 59 -8 24
-59 -90 77 15 -83 -79 -98 -35 -71 -77 -82 52 -50 95
43 -100 -51 -100 -17 -81 81 -88 82 -72 99 23 -45
-6 -12 -93 71 54 -29 77 42 -55 78 -55 -39
-12 -95 22 60 -4 -30 -27 11 -5 -94 -78
27 3 -97 78 93 64 -46 -83 98 60
-59 33 -34 53 25 -19 -8 3 -34
-81 9 96 -8 54 27 -44 -98
20 64 74 -36 -75 90 40
68 30 -20 -58 -92 -16
-6 69 10 47 -16
-13 -39 -84 -9
-98 -12 -63
43 20
-63
