50
23 21 22 23 18 27 24 26 22 26 26 20 23 22 24 27 27 25 16 17 28 17 20 26 23 19 20 25 24 21 22 23 28 22 22 20 21 24 22 17 21 22 21 23 23 18 19 24 16 25
2 3 5 9 11 13 14 16 17 18 25 27 29 32 33 34 40 42 43 44 47 48 49
1 3 7 9 11 13 14 16 18 19 26 27 28 29 33 35 38 40 42 43 49
1 4 8 9 11 14 16 17 19 25 27 31 32 33 37 42 44 45 46 47 48 49
3 4 9 12 13 14 16 17 18 19 26 27 28 29 31 32 33 35 37 40 41 47 48
4 7 8 9 12 15 17 19 27 31 32 37 38 40 41 44 45 48
2 3 7 8 11 13 14 15 16 20 26 27 29 30 31 33 34 35 37 38 40 41 43 45 46 47 49
1 3 9 10 11 12 13 16 17 19 28 29 30 31 32 34 35 44 45 46 47 48 49 50
1 5 6 7 9 10 11 12 14 16 17 18 19 22 23 25 26 27 32 40 44 46 47 48 49 50
5 8 9 13 14 16 17 19 25 26 28 29 32 33 34 43 44 45 46 47 48 49
2 3 5 9 10 11 12 14 16 17 18 19 27 28 29 31 32 35 37 38 41 43 44 46 48 49
1 2 3 4 7 14 17 19 26 27 28 29 30 31 32 34 35 36 37 38 39 40 41 47 49 50
3 4 9 11 12 14 16 17 18 19 29 33 35 37 38 40 41 43 48 49
2 3 4 7 11 14 15 17 19 20 27 30 31 32 33 34 37 40 43 44 45 47 49
4 5 7 9 11 12 14 18 19 20 29 33 34 37 40 43 45 46 47 48 49 50
1 2 3 7 9 11 12 16 17 19 20 26 27 30 32 34 38 40 41 43 45 46 47 48
1 2 3 4 5 9 11 12 13 14 17 26 27 28 29 30 32 34 35 37 41 43 44 45 47 48 49
3 4 5 7 9 11 12 14 16 19 25 27 28 29 31 32 33 34 37 38 39 41 44 45 47 48 49
3 5 7 9 13 14 16 17 19 21 27 29 30 33 35 38 40 41 42 43 45 46 47 48 49
3 16 17 24 25 26 28 29 30 33 34 37 38 40 47 49
2 5 7 10 13 17 19 20 23 26 27 28 31 32 43 44 49
1 4 7 11 12 13 14 16 17 18 19 23 27 28 29 32 33 37 38 40 41 42 44 45 46 47 48 49
4 7 9 13 14 16 18 24 29 34 35 40 43 45 47 48 49
1 2 3 5 7 9 11 12 13 19 29 31 33 39 40 41 42 45 49 50
1 2 3 5 7 9 11 12 17 18 19 21 26 28 29 30 31 33 38 40 43 44 45 47 48 49
1 2 3 4 7 9 11 16 18 19 20 28 29 30 31 36 40 41 43 44 47 48 49
5 7 11 18 19 26 27 28 32 33 34 35 36 37 38 40 41 48 49
2 3 5 7 10 12 13 14 17 27 29 32 33 37 39 40 41 42 45 47
1 4 7 8 9 10 11 12 14 19 21 26 27 29 31 34 35 38 40 43 44 45 47 48 49
1 3 7 9 11 13 17 19 21 26 27 29 30 31 32 34 35 36 37 40 41 44 47 48
1 3 4 8 9 10 13 16 18 19 21 26 28 29 32 39 44 45 47 48 49
1 2 4 5 7 8 13 17 23 27 28 29 32 33 35 37 38 40 41 43 44 48
2 3 7 10 13 14 16 17 18 20 24 27 30 32 33 34 35 37 43 44 45 47 49
1 2 3 5 7 9 12 16 17 18 19 20 26 27 28 29 30 31 32 33 36 37 40 41 45 48 49 50
1 2 3 5 7 9 11 12 14 16 17 27 28 29 31 33 34 38 39 41 45 47
2 3 7 9 11 12 14 17 19 26 27 28 29 32 34 37 40 42 43 44 45 49
1 2 3 7 13 14 19 27 30 32 33 34 35 37 38 40 43 44 48 49
3 5 7 11 12 14 16 17 18 19 26 29 32 33 35 41 43 44 45 48 49
2 4 7 9 11 12 13 14 19 21 29 33 34 35 37 38 40 41 42 43 44 46 47 50
2 3 4 9 11 12 13 17 18 27 28 29 30 31 32 33 35 39 40 44 45 46
1 3 7 11 12 15 17 18 28 32 33 35 36 37 40 47 48
1 4 7 9 11 12 13 14 18 19 24 26 27 28 29 33 34 37 40 43 44
2 3 4 7 9 13 14 16 17 19 26 27 29 32 33 35 37 40 41 46 47 49
1 5 6 7 10 11 13 14 17 18 27 32 33 37 39 40 41 47 48 49 50
2 3 7 10 13 14 16 17 26 27 29 31 33 34 35 37 38 40 41 42 46 47 49
3 4 5 7 12 14 16 17 26 27 32 33 34 35 36 37 38 40 43 44 47 48 49
3 9 14 17 20 22 27 28 29 30 37 40 41 43 44 45 47 48
1 2 7 9 11 14 16 18 19 24 27 29 30 31 35 40 43 44 48
2 7 9 11 12 13 14 17 19 27 28 29 30 32 34 35 37 38 40 44 46 47 48 49
4 5 6 11 16 17 20 27 29 37 40 42 43 45 48 49
1 3 7 11 13 14 17 18 19 20 23 26 27 29 32 34 35 37 39 41 42 46 47 48 49
78 -21 -26 17 -29 61 82 -23 -89 -67 88 84 62 -57 -20 -13 -43 -100 -39 -11 -20 55 -70 -85 85 58 -7 -25 27 10 3 90 -78 72 78 -4 -28 -39 66 31 -10 0 -93 82 -77 92 -66 13 73
-50 -40 93 40 -54 -4 -87 -75 43 86 -79 -90 9 -23 -90 -47 -12 25 -27 76 -14 -87 -75 -76 22 -69 -25 44 -31 98 86 -7 -89 -60 -8 40 -85 49 87 65 79 21 -89 -25 21 12 -75 -59
94 42 37 68 -41 83 87 79 46 -79 -15 52 -70 -9 -28 42 28 -22 100 85 -46 -15 -37 -61 -16 -26 69 40 -83 31 -75 14 66 -12 -12 -20 95 66 31 -71 51 90 94 -49 86 -80 28
-76 -65 29 68 15 27 24 -30 -84 -75 43 63 49 -77 70 -75 62 5 -34 -12 3 -58 67 -97 16 -53 40 66 30 -65 51 -19 30 -54 -72 28 -49 56 98 -18 53 -48 -99 39 -62 9
55 2 -84 81 83 -22 17 -57 -33 78 -61 91 -54 34 27 -46 55 50 99 -57 44 -84 24 -14 17 -15 -96 -34 40 80 5 83 69 66 30 23 66 87 -74 -66 49 100 -36 31 -21
-39 95 90 73 66 18 -57 -38 2 57 87 17 -61 -48 -21 23 41 4 -87 -78 65 69 -54 -45 36 -17 -53 -27 79 77 95 34 14 1 -87 -91 64 11 -11 87 8 94 24 64
7 -64 32 -84 -76 79 69 19 29 84 -3 38 -2 96 0 -61 -61 81 62 56 -45 -99 76 1 -32 46 -48 -89 23 -55 83 -38 38 -14 81 4 18 54 66 -24 -14 -31 51
4 65 72 -29 48 4 60 -79 97 52 -41 -92 -41 -66 86 68 -60 66 -43 66 -99 -54 -5 44 -59 35 49 -64 -34 -48 -4 -21 -95 -4 5 85 2 56 -58 -62 -1 78
-98 -66 -98 -80 58 -16 52 -50 -34 -73 -83 74 -11 44 29 -95 38 92 -2 -84 -84 16 70 29 67 -81 23 81 14 67 73 -53 -10 47 -78 -85 51 66 33 -14 -95
-48 -22 -74 81 -44 94 -96 -95 31 -55 -88 33 24 -32 -47 -55 45 -12 17 3 -35 -68 69 -39 -4 58 93 70 -71 27 47 -49 47 -25 -100 -50 -88 -51 -71 -96
-64 69 58 -62 76 30 55 2 -77 -86 -59 8 81 69 93 -66 -66 85 -73 22 100 -61 -14 38 90 49 27 -73 -67 32 -78 -23 74 -2 51 -58 84 37 -98
7 42 -69 55 -72 -93 -7 0 92 76 -43 83 79 -28 -38 -87 66 7 89 -13 27 -41 1 -5 -29 -50 17 -98 11 -50 -56 -15 9 -80 49 -39 -10 47
10 99 -94 -11 -12 83 -6 -61 -63 50 9 2 -84 -29 -54 -43 -7 73 65 14 10 -52 -83 15 -49 94 -46 -49 -23 -61 39 36 -72 69 18 73 12
20 -29 -89 75 55 76 98 19 -99 -37 64 25 69 -26 -30 65 -10 70 -67 -66 97 -77 -68 16 -97 12 82 -83 -31 56 75 85 -57 59 78 70
100 17 78 18 -84 46 19 7 -38 48 11 -65 50 12 64 24 83 39 -74 26 43 48 -62 -1 18 47 100 40 -71 -4 -98 21 78 70 23
-52 -36 54 -20 -55 -3 97 98 5 -82 27 -97 -99 -54 -15 99 -46 -30 12 -75 76 97 2 -21 -60 21 48 -59 58 -83 15 -35 -55 -73
56 70 -6 18 -80 -81 56 -54 -88 -17 11 97 74 -55 -1 67 89 25 -16 54 -94 -7 70 -29 -21 -34 73 -46 -63 51 43 30 8
7 71 -76 9 -63 57 -6 -7 14 -48 83 81 -88 -93 -57 -2 11 54 65 -92 -68 -17 47 42 -6 -40 93 -77 -14 -90 94 -1
-80 -57 52 68 49 90 80 40 54 58 75 -61 -81 -60 -42 -92 -52 -65 26 -8 -61 22 -45 -36 -55 70 56 -12 -58 -36 98
-39 83 -67 -25 -5 -5 -95 -17 11 17 60 18 -64 48 83 -12 -67 0 -18 27 49 -71 -3 -67 31 -42 -48 100 91 71
-24 -80 22 -41 52 -46 40 -35 -10 83 86 -9 -74 98 11 88 34 50 61 -73 60 -64 -70 87 -41 -88 -32 -39 -51
-14 -18 -96 92 84 88 -70 -55 43 -2 22 12 -97 -22 91 27 19 78 100 36 56 31 98 -40 -31 -91 -82 72
-15 -57 -65 50 33 80 -54 -72 -40 -38 25 21 75 31 -10 33 80 -3 -12 -79 60 81 -59 73 21 2 27
-99 67 83 -54 -9 91 72 -42 6 99 29 56 -72 81 -78 8 16 -84 46 -31 50 14 35 -89 -87 -34
-70 -65 -8 -82 -13 -69 -79 85 -24 27 69 -61 -28 72 94 98 -91 -60 -81 -52 -95 59 39 -66 -16
-88 37 70 -17 -28 -84 -95 -70 16 57 25 -84 74 69 95 -18 -64 -82 35 80 -48 22 -31 -57
48 -43 42 65 25 -75 -79 19 -92 50 -94 -54 77 24 -9 69 88 60 -92 -13 -42 73 -64
35 -74 36 -61 26 98 5 -15 15 -7 -5 -44 100 -67 98 86 100 43 -43 -8 82 48
-80 -17 -50 -17 64 0 67 -89 -81 -11 78 53 -56 -9 55 -80 -23 -52 -62 72 -25
56 -58 -39 -63 27 24 -89 -57 76 40 74 -29 -32 62 -8 -20 -92 63 -43 -1
57 -69 16 92 -89 74 94 -98 -40 -68 47 39 26 41 52 -54 -7 -98 -60
55 -97 -29 -22 72 -5 -81 -27 -97 -71 -96 7 -41 -75 -77 -10 20 -51
59 70 25 0 -17 37 27 -100 95 28 -66 69 -61 41 -4 65 -100
-74 -5 29 -18 90 81 20 60 -64 -1 -73 -31 -20 36 56 -22
-15 9 -30 28 75 12 -85 -60 77 30 -93 -34 83 -80 -33
85 87 -20 -50 34 53 8 -43 94 61 66 84 57 41
-78 10 36 8 34 -34 83 99 -99 17 -33 -85 79
4 -76 43 -77 92 74 -40 14 -95 -12 -85 60
61 45 31 66 -71 9 -56 69 -13 -88 -99
-93 61 57 59 3 -13 -49 -37 -44 46
-85 -78 52 -35 21 -8 45 -6 -17
-53 64 -28 50 -6 14 84 1
13 -63 91 19 40 87 -91
66 -94 -7 -97 64 -68
-71 18 59 -23 75
9 29 -27 95
49 100 -49
79 58
0
