50
27 30 44 31 27 31 27 37 40 36 32 25 42 25 44 30 43 42 28 34 40 30 46 25 39 43 36 39 44 30 26 38 35 27 36 48 43 39 28 47 42 34 26 48 41 38 35 41 30 29
40 47 30 18 13 1 5 42 31 50 49 37 44 23 29 43 20 48 17 35 27 11 45 32 3 22 10
1 37 20 22 4 35 25 50 46 5 26 11 19 16 40 21 31 27 48 23 14 18 39 29 8 28 13 44 49 15
7 24 40 21 2 22 20 32 26 34 1 41 37 48 6 49 29 18 13 36 9 47 35 15 17 30 4 19 43 45 11 5 23 39 28 46 16 3 50 25 8 44 12 31
46 39 28 16 11 4 20 32 24 38 23 22 40 41 49 13 37 19 2 36 21 44 34 1 12 7 18 30 15 25 10
33 13 43 22 5 32 4 50 8 14 27 16 38 7 26 39 41 48 30 46 12 3 11 35 20 19 21
32 46 21 22 33 8 9 47 37 19 14 3 41 30 44 40 13 20 31 25 10 34 17 15 28 6 23 4 1 29 49
7 38 28 8 36 19 4 31 24 48 20 47 5 16 44 40 18 14 25 17 3 6 43 23 11 37 10
22 37 7 38 8 40 16 21 48 12 36 27 28 14 50 44 47 35 42 30 41 49 18 9 1 15 33 34 39 23 17 10 11 6 24 32 13
33 10 50 20 22 40 46 7 18 29 38 3 42 5 28 34 36 39 11 13 15 2 8 31 6 47 17 35 43 21 16 26 24 32 44 23 25 12 41 49
2 7 8 35 15 18 48 45 38 22 27 41 49 9 39 10 36 3 1 25 40 14 29 23 26 21 50 5 33 30 42 46 43 20 13 17
27 36 35 23 20 2 50 6 37 3 9 14 31 4 29 30 45 39 34 47 18 32 49 21 12 19 8 5 11 16 43 33
15 44 5 33 41 22 23 4 49 48 27 12 19 14 21 28 42 16 10 17 24 13 2 18 9
49 3 47 34 48 8 27 22 20 24 13 37 18 7 23 38 39 6 50 41 45 28 26 25 30 42 9 14 5 21 29 15 1 19 35 33 44 4 16 2 17 10
15 23 27 31 29 39 7 41 44 21 8 28 10 42 5 9 12 3 34 47 16 50 40 32 11
42 41 37 49 40 33 10 13 15 46 24 39 16 11 25 20 7 4 12 3 18 32 28 50 27 23 30 43 48 22 6 17 21 29 19 8 31 26 44 5 34 47 35 1
29 6 20 14 33 17 44 49 18 22 24 28 46 10 2 16 3 30 45 31 21 9 27 15 41 34 4 40 23 5
45 16 27 17 37 20 2 48 34 5 8 42 6 26 11 18 1 30 12 35 24 49 4 50 13 44 7 41 10 29 47 9 21 3 40 31 46 15 39 22 25 32 43
18 25 44 35 30 21 31 27 22 26 50 20 36 46 23 47 48 15 33 9 12 3 7 41 42 17 29 19 49 38 39 32 43 13 11 28 45 10 1 14 6 5
15 22 42 41 21 29 31 18 2 49 32 46 24 39 6 40 50 8 34 17 19 37 44 14 26 23 7 45
31 27 26 10 25 21 23 30 11 34 1 5 39 49 3 12 42 37 14 43 47 28 41 2 9 36 15 4 20 50 44 22 18 29
26 11 31 13 37 44 46 50 25 24 18 49 48 8 21 39 5 4 28 9 14 32 27 42 29 23 33 3 43 6 2 12 1 35 38 40 20 41 47 10
25 47 1 29 11 30 4 33 38 41 26 49 43 27 3 36 14 13 34 6 42 20 46 12 9 19 8 24 45 18
23 26 14 13 5 43 46 48 3 2 40 37 4 15 35 6 27 31 17 33 50 10 9 1 19 20 16 24 49 47 41 30 22 25 11 8 29 12 28 44 36 38 18 34 39 42
13 50 42 22 6 34 46 19 11 35 16 8 17 14 27 20 28 41 49 38 7 26 1 32 48
49 9 41 46 32 21 4 18 31 48 40 47 13 20 30 35 19 37 14 23 25 24 17 8 6 3 10 33 38 43 15 1 34 36 11 5 42 27 22
13 49 29 19 32 1 48 20 26 21 23 17 25 6 50 14 4 47 16 15 33 45 44 8 9 24 39 30 22 36 34 40 11 37 12 18 7 31 10 2 27 38 35
29 20 18 5 17 2 32 15 7 19 42 37 41 3 30 16 50 38 44 11 34 39 25 23 21 27 35 6 1 45 28 40 31 43 10 13
17 49 20 48 12 39 33 16 26 45 38 43 11 7 34 41 27 50 47 14 6 4 5 3 8 35 28 15 1 10 2 42 32 44 18 29 40 22 25
12 11 45 40 26 8 21 13 38 36 18 23 41 29 30 16 1 6 25 7 48 5 50 10 47 15 24 35 33 32 28 4 42 3 17 43 19 31 34 9 49 20 22 44
45 12 50 49 38 25 13 26 7 20 48 10 33 44 34 5 24 39 2 11 16 31 3 8 42 23 18 37 46 15
34 45 36 9 7 19 5 4 43 30 29 22 32 48 17 40 28 50 47 23 35 18 6 42 15 16
3 9 7 35 6 36 30 2 21 24 44 32 10 37 11 8 16 14 17 42 25 13 27 38 47 28 49 50 12 39 46 20 19 48 33 34 29 1
45 37 41 4 6 34 32 42 33 14 31 27 20 35 2 9 8 22 1 29 30 19 23 18 43 28 21 44 13 12 40 5 50 26 15
44 34 50 19 29 49 41 33 1 38 6 39 21 27 46 8 26 48 15 10 20 16 9 36 30 25 35
14 27 46 30 6 42 34 47 37 8 5 45 9 4 50 39 21 13 7 40 1 41 32 10 38 36 19 23 29 24 20 22 18 35 33 16
29 41 4 37 2 33 16 27 40 1 43 44 5 23 48 31 49 3 15 45 20 46 25 42 35 7 38 28 10 8 34 50 14 24 17 47 36 22 30 6 13 21 9 32 11 19 26 18
19 21 39 26 31 20 34 42 35 46 38 17 30 11 43 50 40 32 37 22 47 12 48 7 1 16 9 28 27 18 25 13 41 2 23 15 8 49 4 33 24 29 45
7 36 8 33 19 11 24 18 3 2 13 39 38 42 34 26 10 6 20 27 31 1 15 4 41 12 47 21 29 17 9 48 28 16 5 32 49 43 25
32 1 47 3 16 26 11 30 33 4 21 41 39 12 45 24 25 19 44 37 22 34 5 36 6 43 50 7
7 36 18 11 19 33 6 49 21 25 37 32 46 35 38 5 42 31 23 43 15 40 24 29 16 14 13 20 1 17 22 12 4 3 50 39 30 48 28 34 27 45 41 2 8 44 9
32 27 15 48 38 37 47 28 40 2 19 20 22 4 14 1 10 31 5 7 17 30 44 24 35 23 13 43 6 34 11 29 18 33 9 41 21 16 45 36 49 25
5 50 24 19 49 46 7 39 2 44 29 26 11 22 40 3 35 30 9 23 31 41 13 6 10 12 32 47 38 37 42 33 20 25
37 17 2 4 5 27 14 15 21 25 16 1 39 35 23 45 13 40 19 46 43 38 48 6 9 50
39 9 37 27 33 41 45 34 29 48 11 3 24 15 21 4 18 12 32 14 17 43 23 13 38 50 7 31 2 49 1 10 28 6 44 26 36 5 16 30 25 20 22 35 46 42 19 40
23 26 10 35 41 4 25 38 29 27 45 14 48 17 13 2 50 20 1 46 32 9 47 6 18 37 3 12 11 31 5 19 21 42 30 7 24 28 33 43 40
19 18 36 35 49 42 3 24 31 37 7 46 13 48 9 30 45 23 1 44 6 29 15 47 43 8 20 41 38 4 12 26 22 28 16 14 10 11
48 46 38 47 45 17 16 5 34 30 13 10 14 21 3 41 40 2 18 20 7 9 44 39 1 37 6 35 19 28 43 26 25 36 15
22 45 1 10 28 26 41 7 46 38 3 4 21 50 11 23 32 14 44 5 8 18 20 6 12 19 17 9 34 43 27 2 42 39 16 48 24 47 36 13 15
25 26 23 28 32 19 21 36 39 35 2 46 13 16 4 8 42 29 44 48 49 7 27 9 41 22 34 17 40 31
50 5 48 18 39 49 31 45 2 23 37 13 46 42 34 28 17 35 47 29 20 9 44 11 40 21 27 15 32
-5 3 -5 -1 -5 -3 5 0 -3 -3 -5 -2 4 5 -2 -5 3 2 1 3 -3 1 -5 0 -5 -1 -3 4 -1 -4 -2 1 1 5 -4 -5 -5 4 3 -2 1 -2 4 -1 -3 1 4 -4 -2
0 3 -1 5 2 -4 -4 4 2 -1 5 4 0 -4 -4 0 -4 -5 0 4 0 3 5 -2 -1 -5 4 0 1 1 2 2 -3 -2 0 1 3 -4 2 1 0 0 -3 2 3 4 3 -4
-1 5 -5 2 4 -3 4 -2 0 -3 3 0 0 0 5 0 4 2 3 -2 -1 1 -5 -4 4 4 -4 3 5 3 -5 5 -4 -2 1 5 4 -4 2 5 2 3 -4 1 1 -2 -4
-4 -5 -3 -2 1 -1 1 5 4 5 1 4 1 4 5 -2 4 -1 -1 4 -4 -2 0 1 -4 1 5 -2 -2 -1 -2 -3 5 -4 3 5 -5 5 5 5 4 -5 1 3 1 -5
2 4 0 -3 4 0 -4 0 -5 -4 -1 -1 1 -3 -1 -3 -1 -1 -4 0 0 1 4 -2 -2 2 -1 0 1 -5 1 -4 5 -3 -4 1 -1 4 -4 2 4 0 4 -1 4
-4 3 5 -1 0 0 1 0 -2 1 1 0 5 -5 4 -4 1 -1 2 -2 1 -3 -4 -3 -5 5 1 5 0 1 -4 3 5 -1 4 -2 -2 -4 -5 -3 -1 4 3 -1
-3 -4 -4 -3 -4 5 4 -2 4 0 3 3 3 1 -2 -4 -2 0 -5 2 -3 -4 2 -5 1 2 4 -1 -2 -3 3 2 -2 3 -4 -3 0 4 -3 -2 3 3 5
0 2 1 5 3 3 -4 -5 3 -4 -2 0 4 -4 -5 0 -2 -3 -3 -4 3 -2 5 -2 3 -2 3 0 -4 -4 -3 -4 4 0 -4 -5 0 3 -3 0 2 2
-4 3 -3 0 4 0 -4 0 4 -2 0 -2 0 -3 2 -3 4 0 0 1 0 2 3 5 -5 1 0 2 -3 -3 2 0 -4 5 -4 -1 -4 -2 1 -1 1
1 4 3 2 0 1 5 -5 -1 -5 3 -2 -2 5 2 -5 -1 -1 5 -2 -4 0 1 -3 1 -5 -5 3 -2 -5 2 2 4 -1 -1 1 3 0 -3 -4
5 1 -4 0 5 4 -3 -2 5 -1 2 -4 2 0 2 4 3 5 -1 5 -4 0 -5 2 5 4 3 3 3 -4 4 5 -1 4 -2 1 1 -5 1
-2 4 4 -3 5 1 3 -2 1 -3 4 3 4 4 -4 2 0 -5 1 5 2 -1 0 -5 -5 -5 -4 -4 3 1 -3 3 4 -1 -2 5 -2 -1
3 -2 1 -1 3 1 -2 5 3 -4 0 1 1 -4 4 -1 5 -3 -2 -1 1 -4 2 -5 -3 3 -4 -3 5 -4 -2 -2 2 2 -5 -4 -4
0 -3 -1 0 1 4 -4 -3 -1 4 -3 -1 -5 5 -2 -5 -2 3 -3 5 -5 -2 -4 -2 -3 4 0 -4 0 -1 5 2 2 -1 -2 5
0 -5 2 -3 2 -2 2 1 3 2 -3 -1 -1 -1 -3 4 3 0 4 3 0 1 -3 3 -1 4 -2 3 3 -3 -3 -3 -2 0 2
5 5 0 4 5 -2 -2 -3 1 -4 -1 -4 4 -2 2 -1 -3 0 -1 -4 3 0 -4 5 3 0 -2 -4 5 -5 1 1 -4 -5
-2 0 -4 0 3 0 3 0 0 -5 -1 -4 -3 -3 3 0 1 -5 -4 0 2 0 3 1 3 0 3 -2 2 1 0 -5 3
-4 -3 -5 5 -2 -3 -1 0 -5 -4 -4 2 -3 3 -2 -3 5 1 0 0 4 2 -4 4 5 -2 0 -3 -3 -5 -2 0
-5 -5 5 -1 -2 -5 -5 3 4 4 -3 0 3 -1 2 -5 -3 2 -2 4 -1 3 -3 -5 -1 2 4 -4 5 4 1
4 -4 0 -3 -1 4 3 4 5 5 1 -3 3 5 2 4 -2 4 1 -4 -1 1 0 3 4 -5 1 1 1 4
-2 2 -3 -1 -5 -3 0 -1 -1 -4 -4 5 0 -3 4 -1 -4 4 2 2 2 0 -4 -4 4 -4 0 -5 5
3 1 -4 -2 -5 -2 4 -5 -1 2 1 -1 -1 -1 -3 0 -4 5 -1 1 5 2 3 -3 3 4 -1 4
1 -3 5 4 -1 -3 -5 0 -4 0 -2 -4 -2 4 3 -3 5 -5 3 1 5 -3 1 4 2 -3 0
-2 4 2 -3 -4 -5 -5 -1 1 -4 3 5 -3 3 5 -5 2 2 -3 -2 -4 4 -2 4 5 1
-2 -2 -5 4 3 1 -4 2 0 0 1 -4 3 1 3 4 0 -1 2 5 -1 1 -4 3 -5
5 -4 4 -5 -4 3 2 -3 5 1 -5 0 -1 4 2 0 3 1 5 1 1 1 -2 -5
-1 0 4 -5 -5 -2 1 1 4 -2 0 3 -2 -3 4 1 -3 5 -4 -3 -1 1 -5
-3 4 4 1 -1 -5 -5 5 -4 1 5 -1 2 -2 -1 3 3 2 -4 3 5 -4
5 -2 1 3 -2 1 1 -5 1 -5 1 -2 -3 3 -4 0 -4 1 5 3 5
-2 -3 -4 -1 -2 -3 2 -5 0 1 -4 5 -1 -2 -5 1 5 -4 -4 -5
-4 4 -5 0 -3 -2 -1 -2 1 5 -1 -3 -3 2 1 -3 2 -5 3
-5 1 -2 0 4 -5 -5 -3 0 -3 3 1 2 2 -1 2 4 4
1 -4 -2 2 5 2 -2 1 -4 -1 5 1 -4 4 3 -4 1
-1 -1 -1 -3 0 4 3 0 0 -3 -3 -2 5 0 5 3
0 -1 1 -5 -2 5 -1 2 -5 1 -5 -5 -1 4 -5
2 -3 -1 -5 -2 2 1 2 -2 3 -3 5 -5 4
-2 3 3 5 5 0 -2 -5 -5 2 -1 2 -2
-1 -2 5 -5 5 4 1 0 -1 3 2 0
5 0 5 -1 2 -2 1 -1 -1 -1 0
4 0 -2 -2 -1 5 -2 4 5 -2
1 -5 2 -4 -3 1 0 -3 3
4 -5 0 -2 2 2 5 3
-2 5 0 -4 -2 5 -4
1 -5 4 1 3 -5
-5 -5 0 -4 -3
-4 5 -5 -4
-5 4 1
1 -5
-5