200
40 23 27 32 33 33 22 40 23 33 26 23 40 29 22 33 28 26 33 22 40 28 30 32 20 23 38 33 33 27 24 35 22 27 36 33 40 24 31 23 35 22 34 27 24 37 37 34 31 35 34 33 20 32 23 35 22 31 35 24 39 31 33 35 24 23 27 40 40 31 31 22 36 38 39 30 25 20 34 30 38 36 32 21 21 23 26 20 31 26 29 32 21 27 25 34 29 23 32 27 20 38 38 40 34 25 34 34 22 36 34 38 38 35 37 37 40 34 35 40 32 21 26 25 38 28 34 36 25 27 40 35 21 25 39 39 20 32 39 40 36 22 23 32 33 23 26 31 40 35 29 22 27 25 23 36 38 22 35 27 40 39 21 25 39 23 37 25 39 40 37 22 37 39 24 37 24 21 40 39 29 20 24 35 39 24 20 28 28 23 37 35 39 35 39 40 27 40 33 34
29 7 190 71 63 58 36 189 27 174 198 140 23 152 109 9 8 24 56 60 130 155 199 144 51 167 193 108 57 115 151 72 2 41 186 88 169 40 182 87
24 98 25 92 89 155 68 12 187 118 138 32 97 21 142 76 161 159 93 148 50 18 193
198 75 21 60 26 98 72 117 163 94 42 95 91 54 172 69 180 175 166 19 156 192 44 137 63 190 119
70 164 177 143 57 176 84 15 59 9 81 103 69 17 55 146 184 190 186 168 128 102 165 118 37 68 36 64 144 138 175 150
150 103 93 57 36 131 127 24 13 29 40 161 41 175 109 153 17 99 98 185 120 136 65 142 3 187 30 138 69 165 88 191 76
41 117 1 185 197 68 129 46 130 28 161 77 164 192 156 51 40 96 42 139 136 198 154 83 126 5 29 93 79 62 15 171 146
22 188 125 18 195 137 33 194 169 122 141 43 68 136 156 109 55 139 177 52 80 103
96 113 133 116 31 64 58 17 87 6 151 142 59 190 57 2 19 182 162 16 188 18 9 85 184 132 61 72 172 125 55 139 34 147 148 122 63 165 105 49
25 169 111 91 109 106 120 187 14 173 168 166 26 16 104 87 28 64 50 49 138 115 36
47 72 119 64 20 114 141 26 13 167 139 4 24 61 43 105 125 124 55 103 16 186 98 1 100 68 117 74 109 143 170 184 40
76 56 15 149 189 139 16 192 81 198 13 150 123 129 136 41 191 131 21 48 18 153 180 173 61 104
146 64 149 153 11 159 21 108 169 150 145 134 81 67 53 172 184 188 62 68 102 34 185
77 118 81 193 19 3 199 160 145 26 196 138 55 130 68 34 90 18 63 95 73 41 113 140 78 157 168 136 195 171 142 200 27 35 186 30 28 170 40 70
155 54 184 88 53 176 163 68 130 126 65 14 24 194 109 71 12 1 86 34 164 193 42 114 142 110 144 3 29
177 39 140 10 95 150 142 38 111 33 11 79 94 190 92 54 175 64 171 27 91 144
159 192 40 61 42 46 106 7 195 189 86 194 172 64 69 41 180 28 98 10 121 57 52 118 90 79 59 58 193 169 50 103 85
18 198 72 90 165 131 103 174 138 85 8 30 67 46 149 68 10 28 153 112 89 81 181 156 195 189 99 148
66 12 182 112 1 134 138 176 185 190 189 172 51 94 111 18 171 85 160 81 170 32 77 130 80 184
84 104 179 76 142 33 50 108 171 98 174 45 158 146 78 199 141 1 186 74 54 111 149 156 168 83 120 114 173 55 131 122 44
73 132 170 163 159 86 24 193 61 173 80 58 51 38 7 12 63 122 157 19 117 107
148 50 184 179 99 127 103 63 38 168 177 2 28 109 57 46 197 133 119 13 143 64 32 117 35 182 171 136 144 153 82 114 157 130 110 141 115 41 122 116
193 64 164 71 134 125 161 62 197 113 20 183 74 61 70 86 82 139 21 36 39 60 99 40 55 17 107 105
139 120 107 16 53 108 100 150 179 6 148 98 123 2 91 77 194 195 138 140 155 57 125 192 70 112 178 8 184 87
186 43 120 33 160 137 7 101 152 145 170 194 22 165 110 35 119 47 13 67 98 84 55 117 179 87 180 72 108 65 21 121
192 139 14 90 58 167 18 200 11 194 8 64 52 6 160 40 62 33 122 172
145 56 120 180 66 95 43 156 193 184 30 42 80 28 149 7 188 148 174 97 102 51 20
177 161 63 27 179 78 176 154 31 145 11 89 137 110 170 95 18 130 166 88 4 108 126 28 111 93 163 118 40 112 46 134 167 70 158 138 124 120
188 152 69 83 63 23 72 116 196 119 146 157 172 98 87 8 127 84 47 125 55 91 67 88 194 153 71 143 3 133 49 22 62
126 143 195 62 177 122 166 183 200 115 5 24 76 57 104 178 63 79 170 149 95 198 142 136 89 109 141 85 91 117 70 193 65
31 185 50 81 200 191 138 177 48 198 56 124 71 186 151 135 153 73 26 195 76 59 93 46 78 4 137
71 12 14 142 75 179 33 164 126 27 4 147 73 121 123 113 88 48 198 65 186 30 17 103
19 148 162 176 14 39 195 145 78 22 64 31 143 107 156 153 159 58 134 98 116 114 77 151 110 79 146 184 16 157 26 54 161 55 68
41 62 45 142 20 200 1 105 116 177 153 121 75 9 60 74 181 73 180 117 19 176
68 161 151 170 51 109 30 140 58 166 39 69 37 19 16 43 79 153 146 74 113 32 120 177 78 104 70
139 127 113 21 154 11 111 189 83 155 65 7 24 59 173 148 151 6 186 69 185 195 45 121 133 167 114 72 47 150 112 163 126 188 177 90
86 83 172 27 42 85 106 178 127 74 170 103 141 10 117 23 81 65 199 30 104 132 1 169 139 119 194 14 49 133 93 160 128
114 195 14 53 69 141 34 74 113 179 125 32 8 162 156 62 182 41 80 142 4 181 105 24 58 30 119 31 166 40 128 75 131 70 107 124 121 63 117 191
99 49 154 131 192 35 18 71 107 88 130 69 1 73 186 77 151 149 169 126 39 115 138 124
86 142 196 140 97 117 83 49 179 62 147 99 60 106 12 82 122 181 98 189 170 167 39 127 10 33 129 152 85 26 113
135 117 4 185 37 105 168 40 20 121 68 87 160 178 102 167 21 85 173 137 98 82 161
139 10 159 18 61 162 176 74 59 24 112 26 163 181 189 114 43 178 77 8 12 84 15 76 92 96 111 38 63 136 106 145 47 44 45
157 98 159 175 62 128 150 37 60 119 164 66 118 189 171 3 120 74 174 140 41 19
89 151 77 164 109 177 65 117 78 51 99 124 28 61 98 147 92 148 76 180 182 6 169 102 71 3 145 13 156 128 74 59 172 91
163 49 159 65 174 194 185 169 175 36 161 25 190 166 11 80 113 9 149 94 34 24 76 84 107 45 52
139 94 136 129 70 43 66 124 76 87 30 120 20 37 58 174 173 102 143 199 24 183 4 68
32 117 95 173 192 197 68 150 98 164 96 28 195 60 121 7 159 144 84 157 57 166 17 163 119 78 167 105 30 36 12 10 175 127 172 25 61
35 100 117 95 172 191 179 139 108 151 187 40 107 168 26 126 158 105 72 9 177 197 56 114 180 61 93 186 194 140 166 92 16 102 71 49 32
24 170 55 165 164 153 6 13 86 63 33 145 53 18 142 54 151 56 60 85 38 195 1 71 180 34 139 65 45 29 199 7 175 4
61 151 83 5 45 68 14 33 190 108 135 30 17 122 115 93 132 152 28 116 129 57 158 12 169 134 78 118 165 8 16
103 110 176 28 126 183 114 19 21 83 156 38 17 33 71 160 163 150 141 84 98 153 136 76 117 130 155 111 26 30 168 167 142 56 173
59 106 87 117 103 107 187 25 81 110 192 171 66 96 40 176 122 18 24 22 182 111 193 194 34 143 16 151 144 172 85 32 199 91
185 14 74 154 80 91 27 148 130 55 40 169 124 58 28 90 143 95 30 72 147 187 110 144 160 158 173 165 184 7 156 189 69
47 70 180 196 80 87 90 2 37 145 169 103 18 190 163 8 24 192 136 56
108 117 88 41 95 80 185 84 146 153 22 14 40 197 159 13 173 21 70 114 170 109 125 156 181 107 182 56 132 30 89 111
73 174 199 152 125 135 171 79 12 57 102 154 15 2 53 78 55 36 66 75 84 31 187
192 111 45 34 98 137 181 59 129 144 172 91 19 102 11 112 5 118 20 81 148 110 147 104 164 107 75 30 177 6 84 44 159 183 93
112 28 63 200 151 103 135 21 102 80 87 57 86 44 20 131 163 30 136 185 50 90
187 166 38 61 27 198 66 51 45 155 40 168 20 46 161 127 119 145 149 115 175 183 165 163 160 83 186 81 39 113 18
114 162 78 71 152 15 91 130 19 80 119 116 10 195 95 74 20 166 24 158 153 193 99 190 149 142 11 189 147 167 49 83 155 122 129
16 116 27 88 183 22 130 166 45 11 64 182 113 188 135 134 157 41 94 96 73 100 105 87
14 162 166 86 17 85 25 143 174 99 73 65 186 169 155 39 197 21 150 170 37 90 80 168 181 101 34 153 22 178 144 97 165 195 33 135 24 109 131
5 93 80 47 55 88 125 50 58 36 40 20 76 26 130 139 135 10 170 87 159 34 153 97 190 42 197 160 43 113 12
94 174 185 61 114 157 73 193 192 115 60 137 62 80 121 50 95 199 147 113 119 194 98 129 136 108 42 52 155 36 65 14 165
96 142 27 183 133 32 73 22 42 70 116 132 38 112 24 57 190 90 7 107 14 102 129 200 61 99 21 177 58 8 82 26 167 86 188
10 74 121 179 36 195 181 198 115 158 2 21 5 66 56 39 141 156 136 109 29 199 61 78
13 62 108 164 160 118 17 29 128 153 138 5 162 132 148 199 184 37 75 110 1 158 91
147 107 48 171 172 22 135 93 18 194 140 130 189 142 6 100 121 12 163 185 96 65 5 92 192 89 62
27 198 149 189 194 86 35 12 91 140 87 165 45 176 119 179 123 162 47 196 17 118 10 76 52 193 187 11 81 80 132 102 191 122 65 178 49 74 92 13
85 70 32 95 112 103 191 113 99 87 48 128 178 189 197 133 69 22 109 21 111 155 47 140 76 83 27 181 84 170 176 79 115 179 110 43 114 90 168 11
158 112 71 164 15 20 172 197 104 94 132 174 41 8 37 156 189 113 9 33 18 61 166 191 93 99 146 182 155 40 116
96 114 196 20 147 36 136 94 102 81 167 72 64 30 7 48 128 133 100 144 31 68 67 115 55 157 74 126 52 32 35
116 45 183 114 23 175 82 171 89 182 17 141 139 75 77 41 198 191 180 164 199 93
58 32 52 36 61 127 7 93 142 147 95 120 192 34 157 23 17 80 102 123 135 106 105 148 19 33 82 165 176 116 189 133 89 175 188 164
47 197 34 111 129 15 32 133 40 78 43 42 83 182 58 89 193 73 21 65 51 163 142 71 33 161 191 158 137 24 196 165 44 152 149 192 168 160
87 145 11 8 21 12 165 148 68 167 54 147 107 159 164 197 128 161 140 75 194 78 124 63 176 104 77 117 19 16 41 113 188 178 119 53 88 156 37
184 82 188 89 103 34 95 132 144 28 199 62 120 32 69 116 64 37 25 13 75 99 158 108 200 41 84 148 81 49
128 132 120 200 79 197 6 24 101 130 118 62 56 150 91 13 185 73 127 153 168 173 121 74 138
28 111 35 68 187 94 196 104 12 103 14 146 144 50 93 142 74 19 99 130
196 141 72 160 175 157 31 33 25 101 96 87 143 94 37 51 155 131 103 129 11 12 10 36 86 122 133 117 39 156 132 177 84 195
42 101 158 190 77 152 87 130 131 137 126 182 145 196 122 5 95 85 173 29 107 150 79 177 162 7 153 186 68 168
148 59 185 14 150 123 44 135 162 198 159 98 38 175 63 9 147 180 29 49 5 113 81 108 39 106 53 187 129 157 121 16 36 133 54 144 84 195
97 81 45 118 137 88 140 91 174 185 175 165 178 68 157 124 50 64 72 143 77 58 180 74 54 126 82 123 90 144 71 177 32 147 194 98
89 198 38 75 11 74 183 21 200 114 168 66 123 55 52 138 70 144 179 184 36 28 158 151 62 63 13 172 136 58 164 60
26 106 85 184 121 175 198 36 2 141 41 105 168 122 123 167 52 194 74 83 166
197 23 167 147 60 137 190 186 10 45 107 46 102 127 48 192 75 3 77 146 155
86 73 117 165 140 135 127 35 130 120 70 50 29 85 42 118 166 66 48 4 87 76 146
45 157 164 104 110 132 84 23 103 172 25 48 36 123 83 64 2 67 99 61 115 69 85 78 150 147
67 168 93 178 61 16 171 31 120 79 41 104 176 129 181 198 80 177 164 76
158 57 199 35 123 40 117 192 156 96 107 180 141 121 138 171 56 64 175 153 21 135 115 136 93 20 145 29 16 188 130
147 138 39 43 84 134 114 30 175 53 184 150 126 24 131 115 15 117 34 132 107 183 145 190 144 119
186 6 102 66 1 191 56 149 19 12 109 89 180 17 139 16 18 121 9 74 105 47 35 165 166 108 96 98 115
97 21 175 170 139 35 168 90 31 46 138 101 136 33 58 1 6 77 119 173 140 109 137 98 59 64 118 89 40 71 49 29
170 108 158 197 5 62 53 18 26 153 9 115 154 173 181 13 63 190 12 103 113
139 56 194 15 36 129 75 60 188 148 82 191 154 173 83 61 78 37 170 134 57 106 77 71 16 143 152
161 174 110 143 127 13 89 165 172 98 135 82 179 107 105 39 77 97 48 138 122 62 58 184 37
15 144 106 107 143 136 35 100 63 66 53 85 166 21 116 95 24 138 49 14 69 97 173 155 177 11 19 182 151 199 56 123 54 86
4 55 49 190 31 192 194 123 63 179 155 181 53 102 62 142 83 73 98 120 137 167 92 79 67 93 132 128 189
185 121 195 82 53 95 81 106 12 145 57 38 5 67 142 150 149 107 76 40 51 85 59
146 63 128 141 168 176 87 66 126 186 165 192 118 44 91 187 36 140 189 48 139 190 16 135 9 20 172 13 2 106 184 162
18 182 39 3 56 130 117 96 16 159 164 171 158 124 169 125 5 2 137 142 106 4 184 136 71 138 74
129 179 173 111 46 28 25 135 39 62 50 159 65 91 69 102 21 96 104 118
63 179 58 77 176 21 168 167 9 24 104 98 97 142 122 15 164 3 180 44 22 128 112 166 85 145 25 136 11 59 55 146 186 70 12 20 72 140
169 9 46 81 5 54 151 37 183 102 20 77 42 145 62 146 100 174 139 85 99 36 177 21 129 89 14 26 112 60 190 88 155 158 153 191 84 8
70 116 126 59 92 142 97 111 48 175 150 170 98 22 159 76 64 183 19 187 69 40 188 163 179 100 82 93 28 24 2 79 114 173 200 27 34 23 192 193
143 200 132 105 27 7 23 91 142 24 153 154 84 99 4 75 106 100 22 144 63 147 134 44 176 98 177 36 69 78 172 127 38 17
112 71 108 77 124 20 93 65 64 185 161 127 153 158 51 118 28 35 78 2 102 86 159 98 85
86 111 167 153 35 77 83 155 178 52 123 81 46 102 82 75 192 163 126 148 63 84 97 72 101 94 30 145 191 152 140 47 141 7
182 54 113 75 178 18 105 173 128 36 163 78 62 65 169 40 184 109 97 19 115 154 123 150 103 137 130 108 140 10 93 138 153 164
28 197 64 169 171 91 43 166 157 12 145 193 174 189 103 85 111 200 3 26 67 57
192 133 143 149 177 148 57 115 96 101 119 174 151 196 129 39 89 7 124 27 76 107 22 30 37 90 80 88 117 53 134 182 175 122 25 113
82 18 77 12 182 30 6 88 166 28 174 43 63 133 45 142 41 85 144 110 119 60 104 162 48 176 164 169 111 102 8 158 51 116
110 100 2 181 55 53 72 193 197 17 148 27 138 48 94 84 51 118 30 68 172 126 136 164 81 153 199 157 101 151 182 90 91 183 159 45 77 158
22 173 35 81 31 62 79 30 47 96 178 37 131 100 108 153 36 148 99 109 48 125 163 138 166 45 143 43 126 74 184 180 197 116 159 14 92 3
35 50 99 144 130 168 127 105 176 126 107 182 114 191 43 22 145 8 57 75 9 71 58 138 74 44 118 184 194 141 131 29 147 30 69
94 139 194 11 195 185 113 140 56 109 27 189 168 64 77 9 116 68 90 23 198 31 61 54 151 182 157 162 110 43 158 36 53 188 16 146 175
72 153 138 44 83 181 75 194 147 69 132 174 25 35 106 16 71 168 33 180 34 64 38 196 179 189 101 126 37 148 162 191 161 107 97 116 20
197 24 104 132 192 72 178 95 117 125 84 149 1 199 118 163 171 179 92 17 137 102 56 110 55 127 69 83 73 87 141 148 34 145 191 88 13 12 26 161
5 32 41 113 117 1 110 52 177 34 167 78 198 71 24 168 93 65 22 96 171 190 43 14 102 161 79 60 194 185 186 25 195 55
20 34 152 58 133 175 114 3 193 179 88 31 109 178 199 123 19 59 99 23 27 180 81 95 77 36 98 35 165 37 18 136 145 192 157
43 113 90 185 55 161 192 39 106 158 176 114 56 23 26 36 32 151 99 198 110 81 197 64 71 166 22 177 142 154 171 156 73 7 78 53 133 169 131 49
76 166 14 62 127 99 29 197 128 164 153 19 136 4 93 82 34 100 146 108 94 140 175 45 121 189 5 151 18 187 68 56
16 102 130 74 161 183 129 197 107 109 180 103 22 164 138 158 40 72 80 21 131
40 138 84 101 151 163 167 175 165 17 80 179 112 187 62 15 63 23 188 30 117 157 156 185 190 171
31 4 182 36 180 3 42 128 89 134 133 185 67 43 96 33 69 200 8 86 110 70 135 17 68
161 20 128 117 131 93 15 198 146 43 95 41 66 27 147 173 30 59 196 1 12 4 63 180 121 94 99 39 46 10 142 168 108 58 83 64 107 82
20 147 96 31 129 173 14 46 58 133 12 103 18 120 73 80 84 23 142 117 3 95 52 75 145 78 160 63
95 152 127 51 188 140 63 39 2 105 7 60 139 89 163 178 3 86 1 169 97 79 27 53 136 61 108 126 16 37 72 24 12 189
106 180 96 118 192 22 149 25 130 35 164 101 20 152 146 16 112 170 34 61 75 67 81 189 84 82 116 70 60 188 52 191 150 28 40 167
116 120 81 105 31 138 92 54 200 79 119 68 196 24 41 176 78 181 179 155 11 56 84 38 187
92 102 132 13 174 77 67 45 8 104 116 143 141 64 25 119 27 36 32 4 16 57 34 51 103 96 162
22 150 151 67 20 6 17 51 166 114 33 24 85 32 11 119 13 44 147 111 102 128 8 98 175 110 45 91 55 48 71 72 115 39 9 158 159 165 63 76
106 141 123 16 23 72 99 36 108 52 165 135 64 162 140 5 98 183 92 198 186 125 89 145 129 83 100 70 47 7 82 153 57 8 195
121 136 92 197 150 60 41 26 64 169 62 69 137 189 15 196 57 148 100 91 45
61 152 82 189 179 92 199 8 181 180 91 146 145 37 188 49 127 139 80 45 126 10 24 15 60
57 6 135 123 1 85 158 52 34 88 184 46 83 16 199 38 151 181 37 29 198 94 19 96 170 102 190 26 87 78 188 35 41 112 164 125 82 45 144
92 58 171 151 45 97 79 188 177 76 33 46 187 1 180 147 101 146 9 47 155 82 157 57 164 145 27 128 37 85 20 61 89 179 43 163 23 86 115
68 54 64 178 18 90 66 28 185 1 13 99 113 188 108 43 106 127 97 140
26 123 148 167 195 176 58 42 116 19 9 76 6 82 67 27 191 88 44 97 193 20 141 24 87 153 158 124 8 111 168 43
112 41 14 26 85 53 49 105 179 142 185 187 139 68 170 73 77 61 25 13 101 147 141 126 40 198 93 1 110 23 76 161 154 123 52 182 7 195 44
75 21 122 30 79 102 121 126 170 68 24 165 140 100 48 95 98 185 186 115 12 191 113 120 179 58 69 145 16 39 25 22 89 139 106 151 59 142 172 187
108 138 176 122 147 61 197 77 21 102 183 9 129 196 133 187 174 159 38 31 115 45 43 55 50 33 11 109 192 112 52 161 182 153 67 82
23 100 143 102 142 84 71 134 118 4 180 160 151 193 108 29 107 39 38 146 188 150
28 145 26 74 138 89 106 68 99 168 125 147 156 122 10 45 71 104 37 159 188 175 178
10 102 85 177 61 13 191 122 69 96 6 87 78 80 72 126 179 176 26 59 35 77 114 83 192 107 155 166 23 49 178 55
190 125 195 133 96 15 132 41 17 80 182 130 104 35 135 146 8 45 50 52 198 64 9 117 13 93 51 71 95 119 189 102 163
175 8 62 96 126 153 115 46 122 151 142 90 89 42 67 177 24 73 199 99 13 187 147
57 166 58 174 53 69 167 105 132 6 175 3 122 34 199 45 154 189 198 65 156 79 165 71 109 97
118 65 56 120 78 174 134 160 102 150 27 2 131 170 96 144 166 153 156 73 77 176 28 124 17 87 71 164 84 195 67
183 167 77 49 39 133 62 15 154 104 170 82 175 36 185 7 168 128 76 67 108 191 100 10 150 147 197 88 57 137 164 122 92 130 198 44 143 47 182 25
33 190 67 186 144 47 175 86 168 23 57 91 58 79 108 85 96 198 150 76 119 31 121 14 163 182 149 159 19 178 50 129 179 98 136
106 14 39 36 52 88 105 146 118 37 81 184 47 21 125 86 162 46 190 163 15 2 116 71 54 44 148 41 126
34 158 112 163 110 104 196 123 99 2 10 137 52 96 4 83 136 49 5 174 191 161
58 178 89 80 34 27 99 129 151 79 43 17 12 77 75 117 134 153 135 87 112 176 35 88 126 92 49
104 5 59 58 187 34 55 188 6 151 130 44 32 94 183 167 10 97 164 66 137 160 13 153 178
168 6 13 177 30 107 114 98 32 141 65 122 180 40 53 178 176 162 3 78 108 170 26
70 160 156 180 36 108 27 131 185 159 31 73 30 28 128 51 198 52 68 134 183 92 105 76 42 11 141 186 54 124 85 61 1 4 23 29
172 127 39 24 131 20 186 194 26 66 165 60 117 76 68 119 13 192 45 11 75 93 174 81 110 30 25 12 3 36 170 166 44 85 92 113 160 69
96 88 47 30 103 196 117 70 99 177 123 108 167 43 29 34 179 16 41 27 107 152
146 174 113 47 157 98 92 196 8 176 187 34 124 125 29 106 198 12 17 67 168 81 4 199 135 148 145 58 172 87 133 134 159 25 111
124 89 170 174 165 99 39 143 157 14 3 196 41 130 121 127 43 20 126 83 62 85 72 13 187 58 141
97 104 61 21 118 114 147 115 23 128 193 81 31 191 168 5 27 199 106 10 143 141 1 24 155 159 164 78 131 144 53 186 117 88 94 14 58 169 85 171
154 122 184 169 94 198 116 30 25 197 57 1 88 91 163 75 141 134 96 180 28 12 43 127 36 105 181 66 157 51 49 31 101 56 118 170 87 174 107
163 173 151 32 198 116 118 169 130 35 128 2 136 189 13 142 111 150 124 131 200
178 149 45 188 33 27 100 169 154 156 83 130 99 108 191 200 64 71 102 88 76 116 35 36 106
180 192 132 77 200 141 81 183 189 142 162 56 52 54 160 193 75 176 89 173 34 167 46 129 139 164 83 30 91 144 123 150 147 107 137 74 109 4 134
7 98 38 14 172 15 52 69 42 74 175 65 198 16 177 76 53 139 9 92 116 27 158
58 191 166 144 100 61 131 179 74 178 171 13 98 196 107 176 81 142 14 4 65 52 159 114 200 163 198 95 151 140 155 51 50 76 115 46 20
45 189 132 31 97 11 110 72 143 68 34 42 150 66 2 85 120 182 40 195 183 83 153 14 161
170 78 126 147 141 92 19 182 82 135 57 48 134 18 130 41 107 140 138 104 24 90 190 55 200 85 175 93 76 56 159 136 122 144 3 30 89 115 62
158 160 63 11 175 83 98 30 99 66 139 186 73 7 133 96 132 131 115 125 12 76 167 50 195 184 22 25 43 138 137 2 161 17 54 162 55 109 27 53
180 190 112 166 19 192 176 40 7 118 184 85 10 23 196 14 46 65 143 186 148 59 67 105 100 116 162 104 111 81 5 194 31 137 2 165 159
194 191 150 12 180 19 92 129 28 75 176 78 156 23 73 113 98 102 170 8 122 41
57 35 192 101 140 76 163 37 77 174 187 166 96 3 142 143 193 32 11 2 147 153 197 138 141 22 79 54 89 55 106 189 132 184 42 48 200
65 50 30 47 172 146 14 193 141 119 166 192 19 75 196 18 200 26 51 149 125 85 92 33 186 168 61 183 73 159 185 199 82 180 116 179 158 79 150
145 146 94 81 110 44 2 197 64 57 183 165 112 71 93 35 174 85 123 119 115 92 79 125
28 45 166 156 21 72 36 138 51 68 188 161 20 187 190 5 130 162 8 149 181 104 152 55 10 142 67 140 139 121 168 39 94 101 58 151 75
119 129 131 24 102 94 199 3 170 62 158 176 43 132 36 115 41 46 145 182 169 38 124 92
57 195 125 60 17 68 95 11 172 53 133 93 100 121 117 12 167 83 27 181 134
71 190 68 149 140 146 45 97 168 193 94 151 192 20 133 65 191 58 186 104 91 89 125 124 155 2 129 36 113 43 59 187 132 165 72 55 39 48 41 93
184 31 170 59 107 85 185 30 124 173 123 190 54 152 42 166 106 6 63 12 33 147 187 186 35 162 132 11 179 38 15 43 67 47 133 104 154 145 5
22 56 115 156 121 124 44 57 106 154 37 150 47 160 169 131 68 43 176 88 117 153 152 18 59 97 99 34 28
52 134 130 176 108 39 156 25 46 122 158 154 10 137 129 193 31 24 124 169
155 139 1 174 167 111 134 108 95 12 179 136 110 59 124 98 90 151 190 148 26 109 35 66
197 60 22 73 154 140 105 66 49 2 182 191 148 134 31 187 189 97 168 53 177 81 194 93 28 40 110 167 150 65 67 138 109 145 94
71 175 102 194 53 106 142 143 124 46 95 144 193 192 65 79 148 89 181 198 36 169 31 59 115 42 26 55 131 103 87 141 158 14 199 100 163 2 24
121 154 112 23 17 68 57 95 21 156 10 186 99 103 158 168 134 74 153 15 45 164 127 113
52 169 133 74 50 9 154 131 179 60 158 44 173 10 93 62 168 1 41 23
200 103 91 172 102 104 151 52 133 4 189 181 18 24 141 73 144 150 90 89 71 58 156 50 117 195 148 2
45 105 130 28 144 19 129 76 88 30 132 66 138 148 65 178 114 97 145 124 63 87 118 175 185 151 8 181
67 18 98 163 57 174 180 59 81 106 91 133 138 3 194 68 64 74 24 103 173 88 20
46 122 81 91 56 147 69 47 192 175 49 128 52 61 62 68 53 59 188 64 159 92 40 28 31 21 174 170 127 158 2 139 11 124 96 180 198
148 71 126 47 196 131 72 102 57 200 33 14 135 109 123 139 9 129 89 101 176 45 118 31 133 178 81 3 4 54 98 149 26 84 93
67 48 141 68 61 69 121 157 88 94 199 128 109 54 108 180 96 191 103 72 116 47 147 34 148 59 26 70 196 143 111 98 51 38 39 122 3 46 186
35 162 133 137 185 81 125 77 65 144 146 13 102 26 177 42 16 56 66 122 199 25 116 86 67 93 175 191 143 182 89 6 106 32 90
51 148 199 167 197 138 45 73 91 84 173 131 125 115 21 98 158 74 119 162 38 43 164 87 108 181 157 147 104 19 186 42 88 59 81 82 75 69 155
102 70 114 93 192 151 134 116 106 43 48 6 33 187 61 170 65 180 21 54 191 200 27 25 17 122 141 14 7 179 135 22 178 68 159 40 169 100 80 59
189 73 114 161 33 34 135 44 8 9 170 92 84 122 120 139 70 141 198 35 179 185 46 152 153 117 162
145 112 135 164 197 137 80 89 124 139 59 23 114 79 94 106 67 40 78 3 1 134 35 193 74 121 195 181 126 123 77 173 111 75 153 60 2 141 96 49
144 112 102 64 42 184 189 166 100 97 57 68 21 109 161 62 133 157 178 176 70 73 167 137 69 106 49 18 47 35 75 29 164
159 116 70 180 160 126 49 83 5 39 13 137 6 48 27 73 69 33 113 3 60 24 191 4 127 56 88 108 80 128 96 119 9 85
-4 -2 3 1 -2 -2 3 5 -2 4 5 -3 3 3 1 -4 5 4 0 5 2 5 1 -4 -3 -3 3 1 3 0 5 -3 3 4 2 0 0 3 0 0 1 5 1 0 4 -2 4 3 -2 1 3 -1 0 2 2 1 -5 -5 -1 4 -5 3 -3 -1 -5 -1 -2 -2 0 -5 -1 3 3 3 4 4 -3 -4 -5 2 0 -3 -3 -1 0 4 -2 -2 -1 -1 -4 4 1 4 -2 -4 0 2 -3 2 4 -4 4 5 -1 -5 4 1 -4 -5 0 0 1 1 -4 -2 5 4 -5 5 5 1 -5 -1 3 -5 0 3 4 -3 0 3 -2 -3 -5 5 1 2 4 4 3 -4 -2 1 -1 1 -3 -3 0 -4 2 4 -5 3 1 -1 -4 1 3 1 -3 -3 2 3 -2 2 1 5 4 -2 3 4 3 -2 -2 -4 -1 1 0 5 4 -4 -4 5 1 1 0 0 -2 0 0 4 5 -5 -1 -3 0 4 2
4 -3 2 -5 -2 -2 5 0 -3 -4 -4 -5 -2 4 -3 -1 -5 0 -4 -1 2 2 -5 0 -2 3 -2 -2 3 3 -1 3 2 4 -3 5 -5 1 4 5 3 -5 -1 -3 -5 -1 -2 4 -1 -5 2 5 -5 -4 1 5 -1 5 5 0 -4 -5 -1 5 1 -2 1 3 -4 0 2 4 3 -4 -3 -2 3 2 3 -5 -5 -2 3 -1 0 2 1 -3 -5 0 5 0 0 5 -1 -2 3 -1 -5 5 -1 1 -5 3 -1 -2 -3 0 1 5 -3 -4 1 3 5 4 5 5 -2 1 -2 4 -3 1 -1 4 0 2 3 -3 -2 5 -3 4 3 5 -2 -3 -1 3 -3 1 -3 5 4 -3 0 -4 3 3 -4 -3 0 -3 -5 0 1 1 -1 2 5 -1 -3 -2 -4 -3 -3 -5 4 4 -1 4 4 4 -2 4 -2 -2 5 -5 0 -4 2 -3 3 4 2 5 0 -3 1 2 2 -3 -3 -2 -2 -5
1 -5 -1 1 -2 5 -2 -2 -4 -3 2 4 2 0 2 -2 1 1 -5 4 1 0 1 4 4 4 3 3 5 -5 3 -4 2 2 -5 -2 3 3 1 -5 3 1 3 5 -5 -2 -1 2 1 -1 -1 2 -3 1 -1 4 -5 3 -3 2 5 2 -4 3 -4 -3 4 3 -3 1 1 0 2 -5 -3 2 4 -2 2 -4 -1 0 5 -3 -4 -4 -4 2 5 0 -4 3 1 3 4 -3 1 3 1 -5 -3 0 4 5 -3 -3 -3 -3 -5 1 -1 -1 2 -1 5 -3 -4 -3 -2 -5 4 -1 -5 2 2 2 3 -5 4 2 -2 -2 4 5 2 2 1 2 -4 4 4 -5 -2 3 -1 4 5 3 -2 -5 -3 -3 -5 5 0 -5 -3 -5 5 4 4 -1 0 -4 -5 -4 1 -3 -3 5 -1 4 5 4 4 3 -3 2 4 0 -5 -4 -1 0 0 1 -4 1 3 -4 -1 2 -3 -4 -1 0 3
1 3 -2 -2 4 -5 -4 4 5 3 -4 2 4 -1 1 4 0 -1 3 4 4 0 -3 4 4 2 3 5 2 2 -3 4 -2 -1 -2 -5 -4 -5 2 5 -4 -2 4 1 1 -5 0 0 3 5 -2 -5 5 -2 -1 -1 -4 -1 -1 3 3 0 -5 -4 5 0 0 1 4 4 -5 -3 -2 0 0 5 2 2 -5 5 -3 2 -3 5 2 3 0 2 1 -5 3 -1 4 5 0 3 3 -5 -2 4 5 0 0 -4 -3 -1 -5 0 1 5 3 -3 4 4 1 -3 4 -4 -1 0 -5 -1 1 -4 2 -2 0 2 -1 -2 3 -1 -3 -4 0 -5 -2 -4 2 3 -5 2 3 -3 -2 0 2 3 -1 0 -3 -4 3 5 -3 -2 -5 2 1 3 -4 -5 -1 -5 5 4 -4 0 2 -5 -4 3 5 -1 -5 4 -1 5 -2 0 -2 -2 -1 -1 3 0 2 5 -4 -1 -3 -3 -1 -4 -5 4
3 3 -4 -2 3 0 3 0 -1 -3 -1 4 -2 -3 -4 -1 4 0 3 2 -5 -3 -5 2 5 -5 -4 1 -5 -4 1 1 -3 4 4 5 2 4 0 -1 0 -2 5 3 -4 2 4 -3 -4 2 -4 2 -1 5 5 2 2 -2 -2 -3 4 -1 0 1 -3 5 0 0 2 2 -5 -4 2 -4 0 2 2 -3 -1 0 4 4 -3 3 -4 1 -4 0 3 5 -4 -1 3 2 1 4 1 -2 4 -2 3 -3 2 1 -4 0 -2 4 1 1 4 0 3 -2 -3 5 5 -4 4 2 -4 4 4 2 0 3 -4 2 -3 -1 1 -4 4 -4 5 4 1 0 2 5 5 -5 -4 -2 -3 4 5 -5 -3 5 -3 2 3 -1 1 4 4 2 -2 -2 5 0 -1 4 5 -1 1 0 -4 4 -5 4 3 1 -3 -1 -5 0 3 -5 -5 3 0 -4 -1 -5 -2 1 4 1 5 0 1 1 1
1 3 -2 5 -3 2 -3 -2 3 1 0 1 -3 -1 5 -3 -3 -5 -4 5 -5 -3 2 5 1 -3 -4 -3 5 1 2 4 1 4 -3 2 3 1 3 2 1 0 -2 -3 1 4 -5 4 2 -2 3 -1 1 3 4 0 -5 -5 4 2 0 -4 4 2 -4 -3 3 -1 2 3 -4 3 4 -4 -2 2 5 5 5 -4 5 5 3 4 -1 4 -5 0 3 -5 2 2 3 2 4 0 1 0 -1 -1 -3 -5 4 -1 4 -1 -5 5 2 4 -3 4 -5 5 -1 4 -5 -1 2 -4 -3 3 -4 -1 -1 -3 4 -1 -1 -1 -5 -4 4 -3 4 -3 5 2 0 -3 -1 -2 2 -3 3 -5 0 -4 -3 4 -3 2 1 1 -2 5 2 5 -3 -2 4 0 -5 5 -1 -4 -5 -3 2 1 2 -1 2 3 -2 1 5 1 2 -1 -3 3 1 -5 -1 2 1 5 0 3 5 -5 -4 3
5 0 1 4 5 -1 0 -1 -1 -4 -1 5 4 1 2 5 -2 5 4 -2 3 0 5 -3 0 3 -5 5 -5 -4 -5 1 -4 3 -4 5 2 0 -2 -1 -1 -2 -5 -5 4 -4 -5 4 5 -2 4 5 -4 -4 -4 4 -3 1 5 5 4 -3 -4 -3 -1 -1 2 5 -4 5 2 -1 1 5 0 -1 -3 -4 -1 -5 1 1 0 -5 -1 -1 -3 2 -4 2 -2 4 1 -3 5 2 -4 -3 3 1 -2 4 5 -4 2 -1 -4 -5 -4 -4 4 -1 2 -5 2 -3 5 5 -5 -5 5 1 -1 -3 0 1 4 -5 3 2 2 1 1 -4 3 -2 -5 1 2 -4 4 3 0 0 5 -1 1 -5 5 5 -4 0 3 0 -4 2 -1 5 -2 -3 3 -5 1 5 -2 -1 1 -4 5 0 2 -4 5 2 -2 -3 -5 -2 -5 4 -2 2 1 -4 3 5 -1 2 3 2 -5 -5 0
-5 0 -5 1 -4 -2 5 5 3 2 5 3 -3 4 -2 -4 -5 -3 2 5 -5 2 4 -5 -2 5 -3 -5 -3 5 -5 -1 -4 2 4 -3 4 -4 -4 -4 2 4 4 -2 -4 -2 1 0 5 1 0 -4 5 4 3 -3 0 -2 -5 4 -3 0 -4 -4 -1 -3 1 -3 0 3 -3 2 -2 4 -5 -3 -4 5 4 1 -3 -5 2 -4 -5 -5 -3 -4 5 4 -1 1 2 -3 -2 -3 5 -1 3 2 1 -2 -3 4 -5 4 -3 2 4 -4 5 -1 0 1 -5 3 -2 -2 -4 3 -4 4 0 3 3 -2 2 5 5 -2 -1 -5 -2 -4 -3 5 2 2 -3 -3 5 -5 -5 5 0 -1 -2 1 -1 0 4 2 -5 -4 -5 3 -3 -3 -5 2 3 -4 -4 -2 2 4 4 0 1 -2 5 0 -2 -4 0 -2 -4 -2 1 -2 1 -2 -4 2 4 2 -5 1 -3 -2 4 2
-3 1 0 -3 2 -2 5 0 -1 -2 0 -3 -5 4 -5 -1 -3 -4 2 2 1 -3 0 -2 -1 4 -3 5 4 -3 4 3 -2 -4 1 3 2 -2 4 2 2 -1 -5 1 -2 -2 0 1 4 -2 4 -3 4 -5 1 -5 -5 2 3 -5 1 3 1 2 -4 2 2 -2 -4 3 -5 1 -2 -3 0 -1 -2 5 -4 -5 2 5 -1 -3 2 4 4 -5 2 2 -3 1 -3 0 5 2 5 -5 5 -4 1 0 3 -5 -1 1 -1 4 3 4 -2 5 -4 4 0 -5 3 5 0 -5 -4 1 0 2 4 -5 0 0 -3 5 3 -4 3 -2 -3 0 -2 3 -4 5 2 4 -2 -2 0 0 -1 3 5 1 -1 -5 -4 0 0 2 2 3 3 -4 2 3 5 3 -1 2 4 0 5 -4 -2 2 -4 -4 1 -3 -1 -4 -4 -3 -1 -4 -3 2 -3 -2 3 5 -5 -1 1
5 3 -3 2 0 1 2 5 -5 -1 -2 -4 -5 -2 3 5 0 1 4 0 5 5 0 2 4 5 3 3 2 2 -1 4 -3 -1 -3 -1 -2 2 0 -1 -5 -3 0 -1 2 -3 4 -3 3 -1 -3 -3 5 -3 -3 -2 -4 -5 0 4 -3 2 -1 0 -3 -2 3 -5 5 0 0 -3 0 2 3 -3 3 -1 -4 -5 1 2 -3 2 0 -3 -5 3 3 0 5 -1 2 -1 4 5 -3 4 2 0 -4 2 -5 -3 5 3 -4 -1 -5 1 4 -2 2 0 -4 0 -5 4 5 -2 4 3 -2 -1 -2 -5 -4 3 2 5 5 -4 3 1 -2 2 0 4 4 3 -5 5 0 1 -3 1 0 1 0 -5 -1 0 0 -1 2 3 -4 -2 2 1 2 -1 -3 1 1 -3 4 4 -4 -3 -2 -1 2 3 0 -4 4 1 -4 -5 1 5 -1 1 -3 3 2 4 -3 -2
-3 1 -1 3 2 -5 -1 4 -1 2 3 2 -2 -5 -5 -3 -1 -1 5 5 2 -4 5 5 -1 1 -3 2 5 -2 -5 -4 -1 2 -4 4 0 4 2 4 1 -1 5 5 2 -4 0 3 4 -5 -1 -3 4 -5 -3 0 2 -3 0 -3 -5 -1 0 1 5 0 -5 -1 -1 3 5 -4 3 -2 5 -3 -4 4 -3 3 0 0 5 -1 -1 5 0 -4 3 4 0 -3 -5 -3 3 -1 0 2 1 0 -3 -4 -2 -3 3 -2 -2 3 4 3 3 3 -4 1 2 -4 -4 -3 -5 2 0 -1 0 -3 2 4 3 0 -3 -1 -5 -4 -2 -3 -3 -2 -1 -3 -2 -3 -4 1 -4 -4 -5 2 1 -5 -2 -4 -5 5 3 4 -5 2 -4 -1 -5 -4 -1 5 -5 -4 -4 4 -2 4 -2 -3 5 0 -5 -4 -3 -1 4 0 0 -3 3 4 -2 3 4 -4 -4 4 -5
3 -2 -2 -1 -3 3 -5 -4 -2 3 2 0 4 -3 2 5 -4 -3 0 1 1 -2 3 -2 1 -4 0 -4 2 -4 3 -3 2 0 -1 3 -5 -4 0 2 -4 1 -1 2 4 -1 5 2 -2 3 1 -1 1 -2 -4 2 5 0 -3 -5 5 2 5 -4 1 2 3 5 5 -4 -4 -3 1 1 4 -4 -3 -4 0 -2 0 -2 4 1 -4 -2 1 2 -1 4 4 -1 5 1 0 2 5 4 1 2 3 -1 -3 2 -4 -4 -1 2 2 -2 5 -3 -5 -4 -5 -4 2 5 -5 -3 1 4 5 0 -3 -1 4 4 -4 -4 5 3 2 2 -2 -1 5 2 2 3 -1 3 0 3 3 -5 -5 1 -4 1 2 0 1 2 2 -5 -5 -3 3 5 -1 -3 2 1 -3 -1 1 2 -4 4 5 2 5 3 5 3 4 2 2 3 -3 3 -5 1 -1 2 4 1
4 5 0 -1 0 -5 -5 4 -5 -3 0 0 4 -5 5 0 1 -4 1 0 0 1 0 -5 5 -2 -2 -2 5 -1 4 -4 -4 -1 -4 0 -3 -5 3 0 -5 2 5 1 4 3 1 -1 -5 2 4 -5 0 1 4 1 0 4 -4 2 -4 5 -2 0 2 3 5 0 -3 4 -1 0 1 -2 2 5 -4 3 -2 -1 -1 -5 -1 4 1 -2 4 -4 4 -4 4 0 -1 -4 4 3 2 1 -2 0 -4 5 -1 3 -1 1 5 3 0 -2 1 1 -1 4 3 2 5 3 -3 -5 5 3 -3 4 2 -2 5 2 -1 5 3 4 1 4 5 -5 3 -2 0 2 -3 -2 -3 5 -1 1 1 0 -4 5 -2 1 -1 -1 5 -3 -1 5 4 -2 1 -2 -4 -3 -2 -5 -2 -1 2 2 3 1 1 5 -5 -2 -3 -1 -3 -5 -1 -1 5 3 -3 5 -5
2 -5 -5 -4 0 4 -1 -4 1 0 5 5 -4 1 -3 -2 -4 4 3 -4 3 5 4 3 -1 2 -4 -2 4 -4 0 0 4 1 -2 1 -2 -3 -4 -3 -2 -1 2 1 -1 4 -5 2 3 0 -4 0 3 1 2 5 -2 -1 -3 0 2 0 -1 -5 5 4 -5 5 -5 5 -2 -1 3 1 -1 5 0 5 -4 3 -2 2 1 -5 1 -1 -1 -4 -2 -1 -2 -3 2 5 0 5 1 -5 -1 -4 2 2 1 0 1 -4 -3 -1 3 -4 0 1 4 3 0 2 -5 -5 5 5 -3 5 2 5 -3 -5 1 -2 5 -1 0 4 -4 -4 -3 -2 3 5 -3 4 5 1 0 2 2 -3 -1 -3 5 4 0 -1 -2 -4 1 0 -3 1 1 4 -2 -5 -5 3 5 4 5 -2 -4 2 -2 -1 -3 -5 1 4 1 4 -1 -3 -4 0 -3 4 -4 -5
3 1 2 5 2 -4 -2 -2 -2 -1 -1 2 1 -3 1 -2 4 -2 -1 5 -2 1 -3 1 -3 -5 -1 -1 -2 4 2 -2 0 4 5 5 2 -4 -5 2 -3 0 1 5 -2 1 1 4 -1 -4 -4 3 -5 -5 0 -2 2 0 4 5 4 -5 -5 -1 3 4 1 -1 1 5 0 -3 3 -5 4 -3 -1 -3 3 2 0 2 -3 -4 0 3 1 -3 -1 -4 0 -5 -3 2 -1 0 1 -1 -1 4 -1 3 0 1 -3 0 2 -3 3 5 5 2 -5 -2 -3 -5 -2 -3 -5 2 -1 -3 2 1 -4 2 -5 2 0 3 2 2 2 -4 -3 -4 0 -4 -2 -1 -3 -3 3 -1 4 5 4 -2 4 -5 3 4 -3 1 -4 -2 2 5 -4 0 -5 -1 5 5 -4 1 0 4 -4 0 -3 -5 -4 2 5 2 2 5 -1 4 5 -5 0 -5 5
4 2 0 4 -3 -2 -5 5 -1 0 -5 -4 3 4 1 -4 1 -1 -3 -2 1 -4 -5 -2 -3 1 1 -1 5 5 -3 -4 -1 2 1 -1 5 4 -3 0 5 -4 0 3 -2 2 2 1 2 -1 4 4 1 -4 1 0 4 -3 1 5 1 -4 -5 3 0 2 5 -2 5 5 -3 2 3 5 5 3 -4 -1 2 1 -4 2 -1 -3 -3 5 -1 -2 3 1 -1 4 -5 3 -4 -5 3 -4 3 1 1 -4 2 5 4 -1 0 -1 4 -4 3 -5 -4 5 2 -3 -3 1 -5 -4 1 -1 0 4 2 5 2 4 -1 0 -3 -2 -3 -4 4 -1 5 -4 1 3 -5 -5 1 -4 -5 -3 5 2 2 1 5 4 2 -1 4 4 0 5 5 1 -1 -4 -3 -3 -5 -2 -4 -5 -2 -5 -2 2 5 -3 5 -2 1 5 3 -2 -4 -1 2 -3
2 1 -5 -4 -3 -3 2 2 2 -5 2 4 -2 -2 -1 4 1 -5 0 -5 -4 5 1 1 2 4 4 3 -1 -5 2 1 2 3 4 4 5 2 -2 -5 3 -5 1 4 0 3 -4 -1 5 1 2 -4 2 4 5 0 2 1 -5 -3 -1 -2 2 0 2 -2 3 -2 4 5 0 4 5 2 -3 -1 1 1 5 5 0 2 -3 4 -2 -1 -4 5 2 -3 -3 -2 -3 4 2 -4 1 2 -1 -2 -2 3 -5 -5 0 -1 0 5 -3 -3 3 -5 -4 0 1 -4 4 -2 -4 3 -2 2 -1 0 0 -5 3 -1 -3 3 4 5 -4 -5 2 2 -4 -4 4 4 -4 3 -5 3 -4 -3 5 -4 -2 0 -3 -1 2 3 2 -4 -3 5 0 0 -3 -4 -2 2 1 -5 -2 2 0 -1 3 -3 -4 -1 0 1 0 5 5 -2 -3 3 1
-2 -3 1 1 1 2 3 5 0 -5 2 -3 -5 3 -4 -4 0 0 1 -3 1 -5 1 -5 5 5 -3 4 -5 5 5 3 -1 1 1 5 3 -1 0 0 -5 -1 3 4 -3 1 2 5 -2 3 4 4 5 2 0 5 1 -2 -1 -4 -5 3 0 1 -3 3 3 -1 -2 -4 3 3 -1 3 0 5 -3 -5 -5 3 4 -1 -2 -1 1 3 -4 -5 0 -1 5 3 0 -4 -5 5 -4 2 -1 4 -5 2 0 -2 4 4 5 5 3 4 -2 0 -1 -1 5 4 5 -3 1 3 -2 -4 0 3 4 -2 0 2 -4 -3 1 1 -4 -4 -5 1 -3 2 -2 2 -4 0 5 3 1 4 3 3 1 -1 4 2 5 1 2 2 1 -3 -3 3 -3 2 2 -3 3 3 -4 -2 2 2 -5 -3 3 0 -4 4 1 -4 -4 0 4 -1
-5 3 -3 -4 0 -1 0 -1 -1 2 -5 -3 -3 4 1 -5 -1 -1 -2 -3 2 -5 -4 3 0 -4 -5 1 2 4 -1 4 2 0 1 2 4 -3 -3 3 5 2 2 5 2 -3 0 -4 4 5 4 1 1 -2 1 0 3 -5 5 2 -1 5 -4 -3 -5 4 5 -1 3 5 -4 5 3 -4 -2 4 3 4 -5 4 3 -2 2 3 -5 -4 5 3 -3 -5 -1 -2 -2 4 2 -4 3 4 0 1 4 -5 2 -5 0 1 -3 1 -5 3 0 1 -1 -4 -4 -4 3 -3 -1 -3 -3 -1 -4 -3 -1 1 5 -3 -5 4 0 -3 -5 -5 -1 1 -4 0 -3 1 0 -1 1 -4 -5 -2 -2 4 4 -2 2 3 3 1 -4 -1 -5 0 2 3 1 -4 2 -5 1 5 -2 -5 -1 3 4 5 -4 -2 3 5 -3 -1 4 1 2
-4 5 3 -2 -3 0 3 -3 -2 3 1 3 2 -5 -5 2 4 -1 5 -3 -5 -5 2 -1 4 -1 5 1 0 5 -2 4 3 -1 -5 -3 3 4 -4 -1 -4 1 -4 -3 3 -1 1 -2 4 3 0 5 0 5 -1 2 -1 -2 5 0 0 -2 2 4 0 -5 -3 5 -5 4 2 -5 -5 5 -3 1 3 2 1 3 -4 5 5 -4 3 -5 5 2 5 -4 0 1 4 0 1 -3 -5 -4 2 0 -2 2 -5 -2 -5 -1 5 0 -2 -4 4 5 -1 -2 -2 2 0 -5 -1 2 4 -2 -5 -2 5 1 -4 -1 4 3 2 -3 3 -2 5 4 5 5 4 4 -3 -4 4 -3 -4 -3 -1 4 -2 3 -1 -2 5 -5 5 3 4 -1 5 3 2 -5 1 5 5 5 -5 0 1 1 -1 -4 5 3 2 2 0 3 -5 -2
-5 -1 1 3 2 0 -5 1 -2 0 -4 4 -5 -2 1 -4 -2 -2 -3 0 -1 -4 5 5 -4 -5 2 1 -5 4 5 0 -1 -2 -4 2 -2 0 -5 0 3 -2 -4 4 4 2 -4 5 2 4 -4 -4 -5 -5 1 0 -4 -3 -5 2 -5 -1 4 5 1 -4 -4 5 -5 3 -5 -1 1 1 -4 4 1 -2 4 5 4 -5 2 1 2 1 4 4 -4 0 5 5 -5 2 3 0 4 -2 -4 -4 -5 4 -4 4 -2 4 -3 5 3 -1 0 1 2 4 2 -3 -2 -3 -5 -5 -3 -1 4 1 3 5 0 -1 4 3 -3 -3 2 -1 4 0 -1 0 -5 3 4 5 5 -3 -5 -2 3 3 -5 1 0 -2 -2 5 -2 -4 0 -2 5 2 2 4 0 4 4 0 4 -1 1 0 -3 -4 2 -5 2 -2 -5 5 -2
-2 2 4 -2 -2 2 0 1 -2 1 -3 -5 0 -5 -4 0 -5 3 -4 -3 -1 2 -2 5 4 0 -5 -5 -2 -2 -1 -3 -2 -1 -3 0 3 -2 -3 -2 -5 -3 -1 -4 -5 5 -3 1 5 -4 0 -2 -1 2 -2 0 0 5 -3 3 4 1 -4 -4 -3 -3 -2 -2 3 1 0 0 4 1 5 -2 -5 4 4 -2 3 -1 -3 0 -2 -5 5 -1 -3 3 4 2 -2 -4 2 5 4 -4 -3 3 1 5 3 0 2 3 2 -3 0 0 3 2 2 2 -1 4 1 5 4 5 -5 -2 -2 -2 2 -2 1 -2 -1 1 1 4 -3 0 -1 3 -4 -3 -4 -1 2 3 0 -2 4 -5 2 3 4 0 1 2 2 1 1 0 2 0 -1 1 -5 -3 2 -2 -1 5 -4 0 -4 -1 3 3 3 5 -4 -1 -2 -4
-4 -4 0 -5 3 -2 0 -2 5 0 -1 -1 5 -1 -2 4 -3 3 -1 -5 -1 -1 0 1 1 4 5 -5 2 5 3 -3 1 -2 -2 -2 2 -2 3 4 3 2 2 0 -4 0 -2 1 1 -2 2 2 3 -5 0 -3 4 -3 -1 -5 2 5 0 0 -2 1 1 5 1 3 -1 0 4 -5 4 -5 -3 -3 0 4 5 4 4 4 1 1 -2 1 -4 3 1 -2 2 -4 0 4 2 5 -1 -4 -3 -4 5 3 -3 -5 4 2 -5 -3 -2 -4 1 -1 -2 -2 -1 5 3 -4 2 -5 0 3 -5 -3 0 1 1 -3 -4 -3 3 1 2 -4 1 -2 -3 -2 -1 1 5 2 -3 4 4 -1 4 -2 3 5 2 -1 -2 -5 -3 2 -4 1 4 -2 3 0 4 2 2 2 4 -5 -4 -1 5 2 0 -1 1
4 -3 1 -2 -3 4 1 2 1 5 -3 4 -4 1 -5 -2 -3 -1 5 3 -1 5 -4 -2 2 1 3 -4 0 -4 -4 3 0 1 2 -3 -1 -2 3 -5 2 -5 -4 5 5 2 1 0 1 -2 1 -5 -5 -1 -4 -3 0 5 2 2 2 -4 -4 3 5 -2 2 -3 2 -1 -3 -3 -5 4 -4 -3 -1 -4 3 1 -3 -4 5 -5 5 -1 -3 2 0 -3 -2 -5 5 3 -2 2 -5 5 3 5 5 5 -4 1 -1 2 -5 4 -5 -5 1 -2 -2 0 -2 -2 -4 -5 1 -5 -5 0 -2 5 5 -4 -2 -4 5 -3 -3 -5 1 3 -4 0 0 3 5 -2 4 -2 3 1 1 -4 -2 -2 -4 0 0 -3 -5 1 5 0 -5 1 -2 2 -2 -4 5 -1 5 4 0 -5 -4 -2 1 -1 4 2 -4 3
4 -3 -1 -4 4 0 5 1 5 -3 0 -3 5 0 5 2 -4 0 -5 4 4 2 1 3 5 -2 3 4 -5 -2 -5 4 -4 -1 -2 1 -2 4 -4 -5 -3 0 2 -1 -2 -3 1 -2 5 -5 -2 4 2 0 -3 -1 0 5 -5 3 1 5 -1 -5 -2 0 0 -2 -2 3 -5 5 -2 5 -2 4 1 3 0 -3 2 5 -5 -4 2 -4 -2 -5 5 -3 -2 -3 -4 -3 4 3 -2 -2 3 -4 1 2 -1 -3 -2 -2 1 -3 4 -2 -1 -1 4 2 5 -2 -1 2 -4 0 1 1 -3 2 2 1 3 4 1 -3 2 -5 1 1 -4 -1 4 3 -3 3 -3 -1 1 2 -1 2 -1 1 3 4 2 -4 0 -3 2 -2 -3 -2 -5 -5 3 0 2 1 1 1 0 1 2 -1 5 4 -4 1 -5
-4 1 4 -3 -2 1 -1 0 3 2 5 0 -5 5 1 1 -2 -2 2 -5 0 5 5 -5 5 5 -3 -1 4 2 5 -3 -1 -2 4 4 5 -3 -5 -4 -4 5 1 1 4 -4 3 -2 1 -3 1 -1 -1 3 3 5 1 4 -1 1 -4 -4 5 4 0 -3 -1 -2 1 -1 -5 -3 2 -5 -4 -4 1 3 1 5 -1 1 -3 -3 0 -3 -3 -2 2 -3 3 -4 2 4 -2 -3 -2 -5 -3 -2 -1 1 2 5 4 -4 5 -3 -4 -1 -4 1 -4 -1 -4 0 -5 4 -2 2 2 5 -4 -5 -5 -1 -5 5 4 -5 -4 -2 3 -5 1 4 3 -1 2 2 0 4 1 0 0 5 0 0 -2 0 5 1 1 4 -5 0 0 -4 -5 2 1 -3 -5 4 -4 3 -1 -2 0 2 4 5 5 2
3 1 5 -2 -5 5 0 -5 5 0 -5 0 5 2 -2 4 2 1 4 -4 0 1 2 5 -4 1 -1 4 -2 -3 3 4 3 -5 -3 2 -4 -1 5 3 2 -3 2 -4 2 5 3 -2 -2 -2 -3 5 -4 -4 1 -5 -3 0 1 -1 -2 -1 5 2 5 -4 5 -3 3 5 2 -4 0 -2 4 4 -4 5 0 1 1 5 5 3 1 -2 -2 -1 -4 -1 -4 -4 -4 0 4 -2 -4 4 0 -3 0 1 4 -5 -1 -5 4 3 -2 1 1 0 0 5 -3 3 5 4 4 -2 -4 1 -5 3 2 0 -3 -1 -2 2 5 2 -3 4 -1 -3 5 -5 4 0 -1 3 -4 -1 4 2 5 -2 2 -1 1 -5 0 -3 -2 -2 -5 -3 2 1 -1 5 -3 -5 3 1 0 1 5 2 0 1 1
-4 3 -1 -1 -2 3 1 -4 -3 0 4 -5 -1 2 5 -3 4 -3 2 2 -1 -3 -2 -2 -2 5 -5 0 4 -4 5 -3 1 1 5 -3 -5 -4 0 2 -3 -5 -4 3 5 0 4 1 -3 5 1 -2 -5 -4 -2 1 2 -1 4 -3 5 1 5 5 -4 2 5 1 -1 5 5 2 0 -5 -4 -4 -4 -4 2 5 5 3 -2 -5 4 4 4 2 -1 -4 4 -3 1 2 5 1 -1 4 -3 -4 0 -4 3 -3 1 -5 1 3 3 3 2 -4 3 4 3 5 -4 -2 5 -4 -3 4 -3 -5 3 2 0 -4 -5 -3 4 -2 5 -3 -4 3 -1 -5 -4 -4 3 -1 0 3 -3 1 5 -5 -2 -1 -5 3 -1 5 3 2 -3 4 2 0 3 0 4 3 3 -2 -4 5 -5 -2 -5 -2
-3 -1 -2 -3 4 3 -2 4 0 -1 -3 4 1 -4 3 -1 -1 1 5 -3 1 2 -4 -1 5 1 -3 3 -2 -4 5 -1 5 5 -2 0 4 5 5 3 4 -3 1 -3 0 1 1 -5 4 -2 -4 -1 -4 3 -4 5 3 1 -4 0 5 -4 0 0 -1 -3 -2 -1 -5 -4 1 -2 1 -4 -4 -3 3 -1 4 2 -4 3 0 4 -1 3 -1 4 -4 -5 -3 0 1 -3 0 5 3 3 4 1 2 4 -3 -1 -5 5 3 -3 5 -3 -3 1 4 -1 -5 5 0 -2 5 4 1 2 -3 2 0 2 3 -1 -1 1 3 -2 -1 5 -4 -1 1 0 -4 5 -4 -4 -2 -4 -3 4 -5 -4 -1 3 2 -5 1 5 3 -3 2 2 3 5 5 3 -4 1 -5 4 -2 -5 1 3 0
-2 5 3 5 4 -5 4 2 -3 5 3 -2 -3 -4 0 -3 3 0 -5 1 2 1 -3 0 -4 0 5 -2 3 -4 -1 -1 2 -1 -1 -2 -5 5 4 1 -2 -1 5 3 -5 2 4 2 -5 0 -5 4 2 0 -1 0 -4 -5 0 -3 1 0 -5 -4 1 2 -2 -4 3 3 -3 1 -4 2 -5 -3 5 -1 -2 2 1 0 -1 0 1 -3 3 -1 -4 2 5 2 -3 -3 0 1 -5 0 -2 -4 -2 -1 -5 -3 1 1 0 -5 -3 5 -2 2 5 -1 -4 1 2 3 2 5 -3 0 1 3 1 -3 -4 -4 -5 -3 -3 0 3 -5 5 -2 -5 5 0 1 4 -5 1 2 -1 -1 2 -4 1 -2 4 -3 3 -3 -2 -1 -4 -1 -2 5 1 -2 2 -4 3 4 -3 -2 4 5
5 -3 -2 -4 -3 1 -5 -1 -2 -3 1 -5 4 -2 -4 -5 1 1 3 -1 5 -2 -2 0 1 2 -5 3 1 5 -5 -1 -4 -1 0 -1 0 1 -2 0 -5 -3 -5 -5 -5 5 0 -2 -1 2 -1 4 -4 1 -3 -1 2 0 0 -1 -4 -4 5 -5 5 3 -3 0 0 0 4 3 4 0 -2 5 -1 -2 4 1 -4 -4 -3 5 4 -4 -5 4 5 -2 -2 2 -4 -4 3 4 0 -1 2 -2 3 -3 -5 -3 -2 1 3 -1 3 0 0 2 5 -4 1 -4 2 1 3 3 -5 -3 4 -1 -3 -1 -5 4 -5 -2 1 2 5 3 3 -4 -3 2 3 1 3 1 1 4 -1 -2 -3 -5 -3 4 -2 4 -5 3 2 3 3 -1 -1 -2 -1 -1 3 -4 -3 -2 -5 3 -2
-1 -5 5 -3 -1 -3 -1 -5 5 -2 -2 3 -4 -5 5 0 5 4 0 0 -4 3 -1 -3 1 4 -1 0 -5 5 -5 0 -2 -1 -3 -1 -5 3 5 4 -4 1 5 -1 5 5 4 3 -2 2 -2 0 -1 -2 4 5 1 -3 2 -2 1 0 -3 2 -4 2 -3 2 -3 -3 -2 4 2 -3 5 -1 -5 -1 -3 -3 1 5 4 -2 -4 -3 -4 1 -2 2 5 1 -4 3 -3 -5 4 -4 1 1 -5 -4 -5 5 -5 -3 -2 -4 -1 -3 5 4 -5 -5 -4 3 0 -4 -2 -3 2 4 2 -3 -1 0 2 -3 -2 -5 3 -1 5 3 -4 -5 -5 -4 3 -1 -4 3 1 -3 -5 -2 -5 -2 1 1 -3 0 5 -1 -2 5 1 5 -4 2 -3 -4 -2 -4 -1 0 -4 4
0 -4 0 -4 -5 4 -3 -3 1 3 0 4 -3 5 1 -3 5 5 -1 4 -1 0 -4 -1 2 5 0 -1 -4 -5 -3 5 -3 0 -3 1 2 2 -4 -4 4 1 -1 -3 -4 0 -3 -3 1 0 0 2 1 2 1 4 5 0 -3 5 -2 1 1 3 2 3 3 2 3 3 -2 1 -4 4 1 3 4 -2 -4 -2 0 -5 -2 -5 0 3 2 -3 -4 -5 0 0 -3 -1 2 -3 3 1 -2 -2 -2 -5 -3 -4 -3 1 -5 1 0 -5 -4 5 4 -4 2 4 -3 -5 -3 0 -3 -4 -2 -4 -5 4 1 -3 -3 2 -3 3 -1 2 1 0 2 5 -5 -1 -4 -3 -5 5 -5 4 -3 3 -3 -5 1 1 5 2 3 -1 4 3 -1 -2 1 -3 -1 -4 3 1 -3
-2 1 4 -5 -2 1 -3 3 4 -4 2 2 0 5 5 1 1 -3 -5 0 5 1 -2 -1 -4 -4 -4 0 4 0 -5 -2 -1 -3 3 -4 -4 -2 4 -5 -1 -2 3 -2 5 -5 -2 -1 -4 4 4 -5 4 2 -5 -5 0 -4 -1 -5 0 -1 1 3 -2 0 1 0 -3 5 -4 0 1 3 -4 3 -3 -5 4 1 2 4 -5 -1 -3 -3 5 2 -4 5 -4 -2 -2 5 5 -3 -3 3 3 4 5 3 0 2 -3 0 -1 0 4 1 -5 5 1 -2 -2 4 4 -4 -3 4 5 2 -4 -5 -3 -1 3 -4 2 -4 2 0 -3 -1 -3 -4 -1 4 0 0 -4 -4 -3 2 -1 2 -1 2 5 -3 -4 4 2 -5 0 -1 1 1 4 5 -3 2 0 3 4 0
0 -4 5 1 3 2 -1 5 -5 4 5 -5 -2 3 -5 -3 -4 -1 1 -3 4 1 -4 -2 1 2 5 -4 0 2 2 5 3 2 -4 -4 -3 -4 1 1 -2 1 0 -4 0 0 4 2 -2 2 -4 -1 2 -5 3 -3 2 -3 5 -2 0 4 -5 4 1 -5 0 1 2 -2 -5 -2 -5 5 1 -1 -1 5 -3 -4 -3 -4 -1 1 -4 -1 2 1 3 -2 5 -1 -3 -5 -4 1 0 -1 -3 -2 0 1 2 2 3 -3 1 0 4 1 -5 3 4 -2 -4 5 4 4 -3 0 5 0 -5 -3 2 -3 2 0 -4 5 1 -1 3 -5 2 -3 5 2 5 4 -4 -5 -2 -2 1 3 -3 4 1 -2 0 -2 -2 5 4 -5 0 0 -5 -1 -1 3 -4 2 5
2 1 1 0 0 3 1 3 0 -4 -3 2 1 0 -3 3 4 -3 3 1 1 -1 5 5 1 5 -1 4 -4 -4 -4 -4 5 -5 4 1 -4 2 4 3 -4 5 2 3 4 -5 5 -1 1 -2 -2 2 3 1 -4 -2 2 -4 0 2 1 5 1 -5 0 -2 3 -1 -1 5 -1 -1 1 5 -2 -5 1 -5 -5 -5 -3 0 3 4 0 0 -3 4 1 -2 3 1 -2 4 5 1 -5 4 1 -3 5 1 -3 1 0 3 -3 1 -2 -4 -3 3 -4 5 4 1 5 -1 3 -3 0 -2 -4 -4 -5 1 -5 5 4 -3 -5 4 3 -4 4 1 -5 -3 2 5 5 0 -3 -2 5 -2 -1 -2 3 -2 1 -1 5 -5 -1 -4 -3 5 -5 5 4 -4 -4 2
4 -4 -4 -3 -1 -1 -3 -4 -4 2 0 -2 1 -4 2 -5 1 -4 2 5 -4 -2 5 1 1 0 5 2 -3 -3 -1 -5 -3 5 4 5 4 -5 -4 0 0 2 4 4 3 -5 -3 3 -1 -4 -2 4 -5 3 -5 3 3 -3 -2 0 -4 -2 -5 0 -3 -2 -4 -3 -1 -1 2 -2 -4 0 3 5 -1 2 2 1 3 1 -2 -1 -3 -2 5 -1 1 -4 4 4 -1 -3 -2 2 1 2 1 4 -1 0 4 -4 4 1 1 -2 4 0 0 5 -4 2 -3 -5 3 -1 4 1 -1 4 5 3 0 1 -5 -4 -3 0 1 -3 0 -2 -4 -2 5 0 0 -3 0 -4 -5 0 -5 0 -2 2 4 0 -2 3 -4 1 -1 4 -2 3 -2 -4 3 -1 4
5 -4 4 5 1 5 1 0 0 -2 -2 -5 2 2 -5 -1 1 -4 -4 2 -3 4 0 4 1 -2 4 -5 -1 -5 5 4 -5 2 -1 -3 1 -5 3 3 -5 0 5 -5 -4 2 -4 1 -1 -1 0 0 1 -4 3 0 2 4 -5 1 -1 2 2 5 -4 0 4 -4 -5 -2 -5 -5 -3 -4 0 1 -2 -3 -4 -2 0 3 -5 -5 -1 -5 -4 -5 -1 -4 -1 0 4 1 -1 -3 -3 4 2 -4 -3 0 -3 4 1 5 2 5 -4 3 3 -2 4 2 5 2 -1 0 2 -2 -4 -1 -1 -4 0 3 -2 5 5 -2 -4 -4 2 -5 -2 -5 5 -2 2 1 -2 2 -4 0 -2 4 3 3 0 -1 2 5 -3 3 -4 -3 -2 0 1 2 4 3
-2 1 -2 -4 -1 1 -3 5 -1 4 5 -4 -3 2 -4 -4 -2 -5 2 -3 -1 -5 2 5 3 2 0 -1 -4 3 -4 0 1 -2 -3 1 3 1 3 0 -5 2 -1 0 -4 -5 5 1 1 -2 -1 -2 1 -3 4 -1 3 4 2 3 1 -4 5 -5 5 -2 -4 -2 -4 -5 -5 4 -1 -2 -4 3 -4 -1 -2 4 1 1 1 -4 -2 -1 2 -2 -3 -2 0 5 -1 4 -1 -5 -4 -3 3 4 2 -1 -2 -3 0 5 -4 -3 -3 0 2 -3 -5 5 2 1 0 -5 -3 -1 -4 -3 5 -5 4 0 2 4 -5 2 -2 2 -4 -5 -5 4 5 -1 -2 3 3 -3 -3 -4 -4 -1 0 2 2 0 3 -1 5 2 -1 0 2 -5 0 -1 0
3 5 4 2 -4 -1 5 3 5 -5 -3 1 -2 5 -3 0 2 -5 -2 4 1 0 -2 -4 -2 1 5 -4 -1 5 5 3 2 3 -3 -1 5 0 0 1 4 1 -1 -1 -2 -5 4 3 0 4 -4 1 2 4 0 -1 -4 -5 2 5 -3 2 5 -3 3 -1 4 3 5 -3 -1 2 -1 -4 -1 -5 2 -5 -2 -1 4 -4 -5 2 -1 -5 1 0 5 -5 -5 -1 -3 0 -1 3 5 3 -3 -4 -1 -3 -2 1 4 -4 -1 -2 -5 2 0 -2 5 5 1 1 1 -4 -1 -1 4 -1 -3 4 1 5 0 4 -3 5 -2 -1 -3 1 3 -2 -1 -1 -4 -1 4 5 2 3 -3 1 1 -4 -3 3 2 0 3 5 0 2 0 1 2 1
1 2 -5 3 -5 1 -4 -3 4 -1 -2 4 3 0 -3 4 3 4 -1 -5 1 -3 1 5 -5 2 3 2 -5 -4 -5 -1 5 -4 0 4 -4 -1 4 2 0 -5 -4 4 5 3 -5 -2 3 -3 3 2 -3 -2 5 5 -3 -1 5 -1 -5 2 4 -2 -4 -4 -5 -3 4 -4 3 -4 -2 -2 -4 2 -5 3 2 1 -5 -4 -1 1 2 -3 -2 3 -1 4 5 2 5 4 -4 1 -3 5 -5 -3 -3 5 -2 -3 3 3 -2 2 2 -1 -1 5 -4 4 2 0 5 -1 1 1 -4 2 1 1 -3 -5 -1 2 -4 4 1 -5 4 -1 -5 5 5 5 4 2 -5 0 -3 2 2 -1 -5 -3 0 3 3 -2 0 3 1 3 -4 -3 5
-3 0 5 4 0 2 -3 -1 5 -1 1 -4 5 2 1 2 4 5 -3 4 3 5 3 -1 -3 0 4 4 0 4 4 1 -4 -5 -5 -3 -2 -4 5 -4 2 5 2 0 -2 -2 -4 -3 1 1 -4 -5 4 -1 -4 -5 -4 2 0 4 5 -5 -3 0 -4 2 1 -3 5 4 3 -2 -2 -1 2 2 5 -1 -2 -2 -3 1 3 -2 -4 4 -5 5 5 -4 -2 -5 -3 -5 0 1 4 3 -4 0 -3 5 5 3 2 -2 -2 4 2 3 0 0 4 3 -3 -4 2 1 5 1 -4 4 -4 -3 3 -1 -4 -4 2 -2 -5 4 3 0 -5 -2 -1 -1 1 0 -4 -3 -1 -4 3 4 -2 3 4 3 -1 1 4 -5 3 -4 4 2
-1 5 -5 -5 0 1 -1 -2 0 -5 -3 -2 3 0 5 -5 -2 2 -4 4 4 -5 0 -4 1 4 4 -4 3 2 -3 -1 -5 -4 -5 2 3 -2 5 0 1 2 -1 -2 -5 -5 -5 -2 3 4 1 5 5 -5 3 2 -5 1 1 -3 1 1 3 -3 -4 2 -4 4 0 0 -2 0 1 -5 -2 -2 -4 4 -5 -2 1 3 4 -5 -5 -2 -5 -4 -5 -3 2 -3 -1 -5 0 0 4 5 -2 -1 -3 4 1 2 5 -4 5 -4 -4 -1 3 -2 2 0 -2 2 -1 0 3 -1 5 -2 3 -1 0 3 3 -4 -5 0 1 4 2 -1 -4 -2 -3 3 -2 -1 3 -2 -4 0 -3 -5 -2 2 5 2 -4 -5 2 -5 -1 -1 4
1 -1 -4 -5 -1 4 1 2 -5 1 1 2 -5 -2 -2 1 -3 5 1 3 -5 5 -1 -5 3 0 -5 4 0 -1 4 -2 -5 0 4 1 1 -5 -4 3 1 5 -1 3 2 1 4 4 3 -1 -3 1 2 -2 -3 -5 -1 5 -1 -4 -2 3 -1 0 4 1 -5 4 -1 0 -1 5 -1 5 4 -5 -4 -1 4 5 0 -1 -3 2 2 -5 2 -5 2 -5 0 2 5 3 -2 1 -5 4 -4 -1 4 3 0 -4 2 -3 -1 -1 -1 2 -3 -2 5 -3 -3 4 5 -5 -2 -4 5 -5 -3 5 3 2 4 0 -5 3 -2 -5 -1 -1 -5 5 0 3 -5 4 -2 0 -4 -4 3 2 -4 3 -4 -2 -2 0 4 0 5 1
-4 5 1 -1 -3 -5 0 4 0 0 1 5 0 2 -1 4 -5 -3 0 -5 -1 -3 4 -5 -4 4 -2 0 3 3 4 0 -2 1 4 -5 5 -3 1 5 -4 -4 -2 4 3 4 5 3 1 3 -4 3 -5 4 2 5 3 3 2 0 -1 -2 4 -1 -2 0 -2 0 -2 2 0 -4 -2 2 1 0 -4 0 3 3 -4 0 5 2 4 -2 2 1 -2 4 -3 3 -2 1 5 4 5 -3 4 -1 -1 0 0 -4 -4 1 1 3 -3 4 2 5 -2 -3 2 -5 -3 -4 1 -1 3 2 -4 -3 -5 1 -5 -3 -4 -3 3 3 1 1 0 -3 1 3 -2 -1 -4 0 0 4 4 4 -4 -5 -4 0 2 1 5 2 1
-1 2 -3 -3 4 3 -4 -3 -5 4 4 0 5 5 2 1 0 2 -3 3 4 -1 -4 -2 -1 2 0 -5 4 3 3 4 3 1 -1 0 1 0 -3 -3 -5 -2 1 3 -1 4 4 0 -4 0 -1 -3 -4 -1 -1 2 2 -2 -3 -1 -1 4 -4 -2 5 -1 -3 -4 -2 3 3 -3 -5 4 -5 3 3 -2 -5 2 -5 0 -2 -1 4 1 2 3 -3 2 -1 -4 -4 2 1 2 -1 -4 -3 -1 5 -4 0 -4 -2 -4 0 -3 3 0 -1 2 5 3 5 -4 0 -5 1 -4 3 0 -2 3 5 5 -5 5 5 -5 -2 -3 4 1 -2 5 -2 -1 2 -3 2 -3 2 -1 -3 -2 5 -4 3 -2 -5 1 -4 2
3 4 -2 -3 -5 1 -1 4 1 5 4 -2 5 0 2 3 5 -3 -1 -2 -1 5 2 2 5 1 4 0 3 2 -1 -4 -2 -4 -1 1 2 0 -2 5 1 -4 -3 2 0 5 -4 0 1 -3 2 2 4 1 5 -2 -5 -1 -1 3 -2 1 -5 3 0 -1 5 0 1 1 2 1 1 -1 -5 -1 2 -2 0 5 -5 -1 2 1 -2 4 -3 3 -2 5 -4 4 4 0 -3 4 3 -5 -5 1 -4 0 0 3 -4 5 -5 3 -2 0 3 -2 -3 3 1 -2 -1 -3 0 0 1 -2 3 -2 -5 -5 -5 3 -4 3 1 2 -5 -3 -1 -1 -5 -2 5 -2 -5 -1 -4 1 5 1 -3 -1 -4 -4 -4 3 1
-5 -5 3 4 -3 -4 4 1 -2 4 -1 0 1 3 -5 -1 -1 2 -2 -4 -1 5 4 2 1 -1 1 -4 -2 1 3 -1 2 -1 3 3 -2 1 -5 2 1 0 3 -4 2 -2 4 -5 1 -2 2 0 2 4 -4 5 -1 0 -3 5 -4 -4 3 -3 -2 2 4 -2 -4 -3 1 4 2 3 4 -2 -5 2 -1 1 -1 0 -3 -5 0 4 4 1 -5 -1 -2 3 2 3 2 0 5 -2 0 2 2 3 3 -4 -4 1 -4 1 -3 -5 -3 3 -4 -3 -2 2 -4 -5 1 2 -3 5 3 2 -3 3 1 1 -5 -1 -4 1 -1 5 -1 3 0 4 0 4 5 -3 -3 -1 3 5 -2 4 0 3 4 -1
2 2 -2 0 -3 -3 3 2 -5 0 1 -3 -3 2 -4 -5 -1 -2 -2 -4 3 2 0 -4 -5 4 2 4 -3 -4 0 5 3 -2 0 5 -5 -2 -1 -1 1 4 -1 0 4 1 -1 3 3 5 5 -2 -4 4 -3 -4 -2 -1 -3 -1 4 -4 -3 3 4 5 1 0 4 4 4 -1 4 5 2 -2 -3 -5 -2 -2 -4 4 -3 -3 -3 2 -5 0 -4 -5 -3 3 2 1 5 2 0 -1 3 -4 -2 3 1 1 1 2 0 -1 3 0 3 -4 4 -2 -3 5 -1 -3 1 3 2 2 -1 5 -4 3 1 5 0 -3 -5 0 2 5 0 1 -2 4 3 -2 1 0 -3 -5 -2 2 0 3 -2 -5 4
-1 0 -4 0 -1 3 -5 4 -1 -5 5 -1 5 2 1 -5 -1 -1 5 -5 4 -5 2 4 5 2 2 -3 2 5 3 -4 -5 0 -5 4 -3 -3 -3 -4 1 -4 -5 2 5 -5 0 -4 3 -1 -2 5 4 -5 0 5 0 -3 4 0 3 -5 5 1 1 5 5 -5 -4 -2 3 -3 -1 -4 -3 2 -5 -1 4 -2 3 1 -3 5 -5 -1 -1 3 0 -4 0 2 4 -4 4 2 -4 -4 -4 -3 -4 -3 0 4 5 -5 -3 -5 -2 5 0 2 -4 -2 -1 5 5 -2 -3 -1 -5 1 -1 -3 -1 -3 4 0 1 -2 -2 -1 -2 -3 -1 -1 2 -1 -4 2 0 4 0 0 5 3 2 5 5 -3
-5 4 1 -3 3 4 -2 1 0 5 5 -1 -2 0 3 3 -1 -4 3 -2 -1 -2 2 -1 -5 -4 3 5 5 -3 2 -3 2 4 0 0 4 1 5 4 -5 0 -4 5 0 -5 -3 1 2 0 0 5 -4 -3 0 -1 -3 2 3 -3 -5 2 4 2 4 4 1 1 2 -2 -1 0 4 0 2 5 1 -1 -5 -2 3 -4 1 1 -1 4 1 4 -5 -3 3 -3 -1 4 3 -2 4 -3 -3 5 0 -5 -4 -1 -3 0 2 1 -3 2 -5 5 -3 -2 -3 -1 -1 -4 -3 -2 -2 1 -4 -2 -3 5 3 0 -5 2 -3 0 -4 2 3 5 1 -2 2 5 1 2 -2 -4 1 -3 0 -3 1
0 -1 5 1 4 1 3 -4 0 2 5 4 -5 -2 4 -3 -2 0 0 0 3 -5 4 4 1 -4 5 -2 -3 2 -2 -5 -2 -1 1 -4 0 1 5 -3 1 -3 -1 -1 1 5 2 -5 -1 1 -3 -3 1 5 3 -4 2 -4 0 5 -4 5 1 -5 -3 0 -3 4 3 1 5 2 -5 2 5 5 1 1 -5 -1 1 -1 5 -4 4 2 3 0 2 0 3 0 -4 -3 1 3 1 5 -4 -3 -5 0 4 -1 -2 3 4 2 1 -5 2 -1 -5 -4 2 2 0 -5 4 5 0 -1 1 0 5 -1 -5 3 -1 -3 -1 0 1 -5 2 0 -1 5 -5 4 -4 0 -5 3 1 -2 -3 -4
3 -4 -3 -3 5 2 1 -1 0 2 4 -2 3 4 2 -5 -4 0 0 -5 -3 4 5 -4 1 3 -4 0 5 -1 1 1 -5 -3 -1 5 -4 1 -4 -2 4 -1 -1 4 3 3 -2 -5 0 4 2 -2 1 -1 -3 -1 3 5 -5 4 1 -3 5 -1 -1 -5 1 -2 -5 1 5 -3 -1 -1 2 4 5 0 -4 -2 -2 -5 0 -2 -4 4 -1 4 2 4 1 5 4 0 3 1 2 3 -5 0 0 0 0 2 -3 2 2 -2 3 -3 5 1 -1 1 -5 5 4 -4 5 2 3 0 -4 -2 3 0 -1 -1 0 2 5 2 -5 -3 4 4 -3 4 0 4 1 1 -5 -1 3 2 -2
1 3 -3 1 4 -4 -4 1 -2 -2 -4 4 -1 -3 -3 1 3 1 0 -2 1 4 -1 0 0 5 -4 5 5 5 5 0 3 3 3 1 -2 1 2 2 -1 2 -3 -3 1 -1 -5 3 0 2 5 -3 5 -4 1 4 5 1 1 1 -2 5 -5 4 -2 -3 4 4 3 -4 4 4 1 -5 0 4 -2 -3 4 5 2 5 -4 0 -5 4 5 1 3 3 -2 -3 2 0 -2 -3 2 -2 0 -3 -1 -4 -5 -2 4 2 2 -2 5 4 2 -2 -3 2 3 5 -4 4 0 -3 -2 2 -4 -5 -5 5 5 1 3 2 1 -4 1 -1 3 -4 4 5 3 -5 2 2 -5 -1 1 -5
0 1 3 5 5 2 1 -4 -4 -3 -1 4 -4 -3 0 1 5 0 -3 -2 2 -2 -1 -4 0 5 -4 2 2 -2 -1 0 -1 2 0 2 -1 4 -1 4 -5 -3 -3 3 -1 -5 -2 0 4 0 -1 -1 -3 4 5 -1 2 2 5 -1 -3 -3 -3 4 -1 1 -1 5 -2 -5 -2 4 -1 -3 4 -5 -1 0 3 3 1 2 4 -3 0 5 -3 4 3 0 3 0 1 2 5 -3 3 2 -3 2 1 -5 5 -4 0 -2 -1 -2 -2 -3 -1 4 -4 5 -2 0 2 2 4 5 -5 3 -2 -2 0 5 -5 1 5 -4 0 3 -4 -1 3 3 3 -4 -5 2 4 3 -2 -2 -1
-3 5 -2 -2 2 -3 -5 4 -1 3 -1 -4 -2 -4 -3 3 -1 -5 -2 -2 -2 4 4 2 2 -4 3 -5 0 5 -4 -2 2 -4 2 -4 2 -2 -4 3 4 -2 4 2 -1 4 -5 4 1 -4 2 5 -2 4 5 4 2 -5 -1 1 4 -1 2 5 -3 0 3 2 3 -1 5 -1 -1 3 -2 0 -1 5 3 3 -1 5 2 -4 -3 2 -5 0 3 2 2 -3 -3 -4 1 5 -1 -4 2 0 5 5 3 -3 -2 -4 -2 -2 -1 3 -1 0 3 2 -4 5 -1 4 -2 4 5 -3 0 -3 -2 1 -3 -3 4 5 -3 0 3 2 5 4 1 -1 -2 -1 2 -1 0 -3
-1 0 0 0 2 -1 1 4 1 1 -5 1 -5 1 0 5 -3 2 -1 -5 -2 -2 5 -1 -1 0 -5 0 1 1 0 3 3 -2 -2 4 3 2 -1 -4 -4 -2 -3 0 2 4 2 -5 5 1 2 -2 -1 4 4 1 -5 -4 -5 5 0 -1 3 0 2 -1 -4 2 -3 -4 0 1 -3 -3 4 -1 4 -2 3 -4 2 -2 0 4 3 5 -1 3 3 -1 -5 -3 -4 0 0 2 -2 -3 0 2 -2 2 0 0 -2 5 -1 -1 4 -5 -3 -4 5 1 1 1 2 -5 3 -5 3 0 -5 4 1 -5 3 0 3 2 -1 4 0 5 -4 -4 4 -4 3 -4 3 -3 3
-4 4 2 4 5 -2 -4 5 1 -1 2 2 -3 5 0 -4 -3 5 4 0 2 3 1 -5 1 4 -1 -5 4 1 -5 -5 -2 0 1 -3 -1 -2 4 5 0 3 2 5 5 -2 4 0 4 -3 -2 -3 -2 -1 -3 -4 -5 3 4 -5 -3 3 0 -4 0 0 -2 5 -2 -2 -1 -3 1 -1 -2 -2 0 -5 -3 2 -4 1 -5 2 -2 1 -5 2 2 1 -2 -2 1 4 -4 -4 -3 3 4 3 -4 -3 -2 -4 2 4 0 0 1 -2 -2 -4 3 0 2 -1 3 -4 2 -5 -5 1 1 1 -4 0 0 -1 -4 1 5 -1 -2 -4 5 5 1 2 -5 -1 5 0
-5 -3 -2 -3 4 -5 -3 3 -3 -3 2 -5 -5 4 -2 5 -1 0 4 1 -3 1 -3 -3 3 -3 5 -3 0 -4 -3 -5 2 -2 -1 1 5 0 -1 4 0 -5 -5 0 -5 2 -5 -3 1 -5 3 1 4 3 -3 -3 -4 -5 0 -2 -4 1 -4 -4 2 2 1 3 2 -3 4 5 -5 -1 2 2 -1 -3 0 5 3 0 4 5 -4 2 2 4 -2 -3 -2 3 -3 -3 -2 5 -4 -4 1 -1 4 -4 -2 -2 -1 -3 5 -1 0 2 5 4 3 3 4 -1 -3 0 1 0 5 -3 4 -5 1 5 -5 -2 -3 -5 -3 5 -5 -2 -3 1 0 -5 4 2 2
0 -2 5 4 1 2 -2 2 4 -1 3 2 -4 -1 5 3 0 0 -3 -1 0 2 3 2 5 -4 5 0 3 -1 -4 0 1 5 -5 3 -3 -4 -2 2 -4 -4 3 -1 -3 0 -1 2 1 3 -4 3 -3 1 3 -2 -3 5 -2 -5 -2 0 3 4 -3 4 3 3 -5 3 0 3 -2 3 -3 0 -3 -4 5 -3 5 5 4 -2 -3 3 4 1 -2 -1 -5 1 -1 1 3 1 2 2 0 -3 -1 -5 -4 -1 3 5 -1 -2 4 4 -4 -5 1 -3 -3 2 -3 -2 1 -3 5 1 1 4 -2 -2 0 -4 -2 -1 -3 1 -4 4 5 -3 -2 2 -3 5
-1 0 -5 5 -4 3 -1 3 -4 5 4 2 -2 5 2 -1 -4 3 4 2 -3 -4 0 -1 -5 1 -1 -4 5 2 1 4 -3 2 -1 -2 3 -4 -4 4 4 0 -2 5 2 1 1 -5 5 -4 -1 -1 -1 5 3 0 1 5 -1 0 -4 -5 -4 2 -2 4 2 -2 4 1 5 -1 -4 2 3 4 4 1 4 3 5 1 -5 4 -4 4 5 -4 4 -4 -4 -2 0 4 5 4 1 1 -5 0 5 2 2 4 3 -5 1 5 1 5 -5 -2 4 -3 -5 5 0 -4 -1 1 -5 2 -1 0 5 0 0 -2 -1 2 -5 0 2 5 -1 -3 -2 3 3
5 0 1 0 -3 2 -4 0 0 4 3 -2 0 -1 -4 -4 5 1 0 4 2 5 -3 1 -2 -1 2 0 0 2 0 -3 -3 0 -5 -4 -2 4 -1 3 5 3 -1 3 3 -3 1 4 -4 -2 -4 -4 4 5 1 -1 -3 0 3 0 1 -3 1 -4 -1 4 4 -4 0 -2 2 -5 -2 3 -3 5 -1 -5 2 -2 -2 -2 -2 2 5 -2 -3 -5 -1 -2 -5 4 2 2 1 3 3 4 -2 1 -3 3 4 1 5 4 1 -1 0 -1 1 0 0 -2 0 3 0 -4 -3 0 -2 3 4 -3 -4 3 2 3 0 -4 4 -2 0 5 3 -2 2 -1
4 -5 2 4 2 2 4 1 -4 -3 -5 3 2 3 5 -5 0 2 -3 -4 5 0 -4 -1 4 -1 -5 4 2 1 -3 1 -2 5 2 -1 3 5 -1 0 -2 4 3 1 -3 3 5 4 0 -5 4 -5 0 4 -4 -4 4 -4 3 1 -3 -2 -2 4 -3 -3 -5 5 2 -4 0 -4 -4 1 4 5 1 1 1 2 -3 0 -3 -4 -1 0 -3 1 -1 2 -4 -3 -1 1 -2 -2 0 5 5 -4 0 2 -4 3 -1 -5 4 -5 3 -5 5 0 -4 -3 -5 3 -5 -5 0 1 -1 -5 4 4 0 -4 -3 -2 5 4 2 -3 3 -2 0 -4 5
-3 4 0 4 -3 2 -3 3 -3 2 -5 4 -5 3 -4 -1 -1 -4 0 5 -3 4 3 -3 -4 2 -2 4 -3 4 0 2 5 3 1 2 -4 5 3 -4 0 -2 0 -3 -2 2 -2 1 -5 0 -5 2 5 4 -4 3 -4 5 5 0 3 4 4 3 3 1 3 5 -2 -1 0 -3 2 -2 -1 5 1 1 1 1 -4 2 -5 2 -4 0 3 2 4 1 -1 2 -1 5 -5 3 -5 -2 -4 -1 4 4 3 -3 5 0 -5 3 -5 -5 -1 1 -2 0 3 -5 5 1 3 3 -3 3 0 5 -5 -2 -4 2 -3 -2 0 -4 -2 2 -2 4
5 4 -5 -5 1 -2 -4 -1 -5 -2 5 0 -3 1 -2 0 1 -5 -3 -3 4 -2 4 5 -1 1 5 4 5 -1 -2 5 -1 1 -5 1 1 1 -1 -2 2 -1 4 -5 5 1 -5 2 -3 5 -2 -4 5 -4 -4 -3 2 -4 -3 3 0 -3 -1 5 1 -1 3 -1 -1 4 -1 -4 -4 1 -2 -4 3 2 -2 -3 3 -5 2 2 -4 -4 -2 -5 1 -3 -4 -4 -2 1 4 0 2 -3 2 4 -5 5 3 -2 -2 0 -5 4 -5 -3 0 -1 -3 0 2 -2 5 -5 1 1 -3 -1 3 -4 -2 -3 5 -2 0 5 2 -5 2 -4 -2
4 3 -1 3 -3 -3 3 0 -5 -4 5 -4 1 3 3 -5 4 -3 0 0 -5 -3 -4 5 -2 -5 1 -5 4 -5 1 4 -4 -2 5 -5 4 3 -4 -5 5 2 4 5 1 -1 5 4 1 2 -2 5 2 4 -1 0 5 2 2 -3 2 3 0 -2 -3 -1 5 -3 1 -1 -3 0 -5 1 -1 -3 -5 2 1 3 -2 1 -3 5 0 -2 1 1 1 2 2 2 1 2 0 0 0 5 1 -3 3 -2 -2 -2 -2 4 -2 5 4 0 2 3 1 0 5 -1 -2 1 -3 2 -4 3 5 2 -1 4 1 -5 -2 -2 0 3 -3 5
1 3 1 -3 2 -5 -2 1 4 5 -3 -1 5 4 -3 5 1 4 -2 -3 1 0 2 -2 -3 2 0 4 4 3 5 -5 5 -4 -4 -4 -5 -5 -5 0 -4 0 0 -2 -3 -2 -1 -4 0 4 0 4 2 2 0 -3 -1 -1 -4 3 -3 -3 -3 1 -4 3 4 1 -3 3 3 5 2 -1 -2 -4 5 -3 2 -4 -5 -3 1 2 1 2 -3 -5 4 0 2 4 4 -3 2 -5 2 5 4 0 0 -4 0 -4 -3 -3 4 -1 5 1 -3 -4 5 -2 5 0 -1 -4 0 4 2 -5 4 4 1 -3 0 -1 -2 3 -1 3 -5
2 0 -3 -5 5 -2 -1 -1 2 1 0 -5 -1 5 2 5 -4 0 3 -5 -3 4 -5 4 -5 -1 1 -2 2 1 1 -5 5 -1 1 0 0 3 1 1 0 -3 0 -1 3 -2 2 -1 -1 -4 2 5 -4 5 0 3 -4 -5 -3 -4 -2 -4 -3 0 -4 -3 4 -2 -4 -4 -5 -5 0 4 -4 -3 4 5 2 5 0 5 -4 4 -4 -5 -3 -2 -4 -3 -4 -4 -5 1 5 -2 -2 -5 -4 1 0 5 3 -2 2 -2 2 4 -3 2 -1 5 4 -5 2 -3 3 -5 -4 -3 -2 -1 -3 3 4 -2 -4 -4 -2 -3 0 -2
-3 1 5 4 -1 4 1 3 5 -1 -2 1 -1 0 -2 3 -5 5 5 -1 -1 -3 -4 -5 -4 2 0 -5 4 1 -4 5 2 -5 5 -4 0 4 0 5 4 5 -4 4 -1 0 2 0 2 0 2 -1 2 0 3 -2 -2 4 -3 -5 0 1 2 2 0 1 2 2 2 -3 -3 1 1 -5 -3 0 1 5 -3 1 0 -5 1 5 -3 -3 4 -3 -2 -4 -5 1 2 -3 -1 0 -2 -5 2 1 -3 -1 3 -1 -2 -2 2 4 2 1 1 -3 2 5 -5 0 -4 -4 0 2 4 -1 -3 -2 3 2 -2 1 2 -5 -1
5 -3 0 5 -1 5 4 1 4 -4 4 -3 3 -1 0 0 -3 0 4 2 -4 -5 2 0 1 -2 -2 0 -2 0 5 2 -1 3 0 4 0 -2 -3 0 5 4 -2 4 4 -2 -2 2 4 2 -5 0 3 -4 1 -3 4 0 -4 3 2 2 4 -1 -4 2 1 -2 -1 -3 0 -5 2 -2 -2 5 -5 0 0 4 2 3 -3 -1 0 2 0 4 3 -2 5 -2 4 4 -4 -1 -5 -2 3 3 -1 -2 1 1 -5 -1 -1 -2 -3 -1 -5 -5 5 5 1 -4 0 2 -3 2 5 1 3 -3 4 2 0 -4 -1 2
-1 -2 4 2 -1 -3 4 -3 0 -5 -4 -5 0 3 2 0 -3 0 1 3 -5 5 1 5 0 1 -3 0 4 -5 5 -1 0 4 4 -5 3 -5 -3 2 -4 -4 -3 -3 -4 3 -3 -2 -4 0 0 0 -4 1 0 -4 2 1 3 -5 3 1 5 1 -3 3 -4 -2 2 -3 -4 -1 -2 -2 -5 5 5 3 -5 -5 5 -2 2 -5 -5 -2 -2 -3 -3 3 0 0 1 5 5 1 -5 3 -1 2 -5 5 1 3 -4 -5 -2 4 -5 -2 -2 4 2 -5 0 -4 4 0 3 -3 1 -2 -3 3 -5 5 4 -1 -1
3 0 3 1 -3 -2 4 -1 0 -2 0 -1 1 -4 5 -1 2 -5 2 4 5 5 3 1 -2 -3 -4 -5 1 -4 -2 -2 4 -1 5 -2 4 -1 0 2 -5 5 5 -2 4 -1 -2 3 -5 -1 -5 -2 -3 0 -2 2 1 0 2 1 4 -3 2 2 3 4 -1 5 -2 -4 4 -4 -5 -5 4 -5 -5 -1 -5 -1 2 1 4 -3 -4 -5 0 -2 5 -2 1 0 -4 -1 1 5 -5 -1 -5 -4 -1 -3 -1 2 -2 -4 5 5 -5 2 -3 -5 -4 -4 -2 2 4 3 -1 -1 -5 4 2 -4 -3 -2 -4 1
5 1 -5 -5 2 1 2 1 -3 -5 4 -5 5 -4 -1 -1 2 -2 -1 -5 5 -1 -2 -2 2 -5 5 -5 4 1 3 2 -2 -5 -1 0 -4 4 0 2 2 3 -3 0 5 0 3 3 -3 0 5 0 1 -3 4 1 0 2 0 -1 -3 5 2 5 3 1 0 1 -4 4 -1 -3 0 0 5 2 2 3 5 -3 -5 0 3 5 -3 4 0 3 5 -3 4 -3 -2 1 -4 1 -4 3 3 -5 3 -4 4 -5 -1 3 5 -3 -2 5 0 2 -4 0 0 3 1 3 5 1 -2 4 0 1 -4 -2 5
5 2 -3 -2 -5 3 -4 2 -3 -4 -1 -2 1 -1 -2 3 5 -4 -2 -5 -5 -5 -1 -4 -2 -3 5 -4 -4 -1 2 -4 1 0 5 1 -5 4 -1 0 1 0 -2 -1 1 4 4 2 5 4 4 -5 5 2 -5 2 0 0 -5 -1 2 1 3 -4 1 4 4 0 5 2 -5 1 -5 2 -4 2 -1 3 -4 -4 -2 5 -4 2 1 0 -2 4 2 -5 0 -1 3 2 -2 4 1 -4 -5 5 -3 4 5 -5 3 2 -4 3 -3 2 -1 4 1 3 5 -5 -1 4 -4 3 2 -3 2 -1 -3 -5
-1 4 0 1 -4 5 -3 -4 -2 2 2 -2 -5 1 5 -3 1 -5 -1 -3 -2 0 5 4 2 -2 2 -4 -4 -3 -3 -3 4 4 -5 2 2 0 1 -5 3 0 5 3 -4 1 2 -5 -1 1 3 1 -4 -4 -4 -1 5 0 2 1 3 -2 -3 -4 -5 -3 -4 4 -3 5 -2 2 5 3 0 3 -1 2 -4 5 -3 4 1 -4 3 -5 -2 -2 -3 -1 -3 1 -5 0 -5 3 -5 -4 3 5 -1 4 3 -5 -1 -3 0 -2 2 -2 -2 5 2 2 2 -2 -4 -3 1 3 5 5 3 -4 -3
5 -3 3 -3 -4 2 3 -4 4 -3 -2 5 1 5 0 -2 -1 1 -5 1 -5 0 1 -5 -2 5 0 1 2 4 -2 -3 2 4 3 1 5 5 -3 -2 4 3 -1 2 -4 1 4 -5 1 -4 3 -4 -3 5 -5 0 -1 1 -1 2 5 0 -1 3 4 0 -1 2 3 2 1 4 3 5 4 4 5 4 -3 2 0 -4 2 0 3 3 4 5 -4 -1 5 -1 -1 -1 4 3 -2 0 0 -2 4 -2 0 -1 -2 0 3 5 1 -1 -1 4 1 5 5 -2 4 -3 -1 -2 5 5 0 3
3 0 -2 2 4 3 -3 -4 -1 5 -2 -2 4 5 0 -3 5 2 0 -2 1 2 -1 4 2 3 0 -3 -1 4 -4 -1 -4 1 3 1 -5 -4 -2 -1 2 2 3 4 -1 3 4 1 -2 -1 -5 1 5 2 4 -4 2 1 1 0 -4 -3 -3 -4 0 -5 -5 -4 -1 -4 3 3 -1 -3 -4 5 1 -2 -5 5 4 -5 -5 -4 0 4 -1 -1 1 -2 -2 -2 4 4 4 -1 3 0 -2 -3 -5 3 4 0 -2 -3 1 -2 3 4 -5 -3 -4 4 4 -1 2 -4 -4 -2 1 -2 -2
2 4 -3 -3 -2 -1 -4 -5 -2 5 -1 1 4 4 1 2 -2 -2 -4 -4 1 2 2 -3 1 4 1 -5 3 -1 -2 5 2 1 3 0 0 -5 2 3 4 1 2 4 -2 0 -3 -4 4 5 1 -3 1 -2 -2 0 0 1 -1 -2 -1 -2 1 4 2 -5 5 4 -2 5 -4 2 -5 1 4 0 0 1 -5 2 1 2 1 -4 1 -1 0 -2 -1 0 -1 2 -3 -3 -2 4 5 3 4 3 -2 -5 1 0 -5 -2 -4 -3 -4 4 3 -5 -1 -4 3 -1 2 -3 -1 -3 1 -1
-3 -2 1 -1 -3 3 -4 -2 -4 4 -5 4 5 -3 -1 3 2 1 -3 -2 -5 -2 4 -4 -4 -4 -1 -3 3 -4 2 3 0 -3 -3 3 -3 -2 -5 0 -3 -1 3 -5 3 3 -5 1 -3 -3 -5 2 -3 -3 -2 4 0 4 -1 2 -2 2 -3 -4 -2 -3 5 4 -5 -4 1 -3 -5 -1 2 3 2 5 1 3 3 1 3 2 5 3 0 4 4 1 -1 3 1 -3 3 2 -3 -5 -2 -4 4 0 -1 -4 4 1 1 1 -1 0 -5 0 2 -2 -5 -2 1 5 -3 2 4
-3 5 -1 1 -2 -3 -5 -2 2 -1 2 1 2 2 0 -2 2 -3 1 -5 -2 -3 5 -4 -1 0 -5 0 2 1 5 1 -4 4 -1 0 3 3 2 -5 2 -4 0 0 -2 -1 3 -3 -5 -4 -3 3 -1 -5 -5 3 -2 5 3 0 -5 2 1 0 4 2 0 4 0 -1 0 -5 3 4 -4 2 2 1 3 -5 5 3 4 3 -4 -3 1 0 5 2 5 -1 -3 -3 -2 -4 4 1 -1 1 -2 -5 -5 -1 -5 -3 -2 1 4 -2 1 -3 1 3 4 -1 -2 -5 -4 -3
-5 -1 2 -4 -2 2 -3 5 2 -4 -4 5 2 0 4 0 2 -1 4 3 3 0 5 5 0 3 -3 5 5 4 3 5 -1 4 -2 -2 -5 1 2 -1 0 3 -1 2 1 -5 4 -1 -1 -4 -3 3 -2 -2 -2 2 -3 -4 3 3 0 1 1 1 4 0 -1 -4 -2 -3 4 2 5 -4 0 -5 1 1 1 -3 1 2 -5 0 0 -4 -1 -2 2 2 1 4 -2 1 1 -2 -1 -2 4 -3 0 -3 4 0 4 1 -4 -4 -4 -4 -5 -3 3 1 2 -4 5 -3 -5
-5 2 -3 -5 -3 -1 0 5 5 0 5 4 -4 -5 -3 -1 0 -4 -5 4 -4 -5 4 -5 -2 -3 1 2 -4 -1 4 -1 4 3 -4 4 -1 -3 -4 2 4 -1 -3 5 3 -4 2 4 -2 -1 -5 1 0 5 -3 2 2 0 3 -1 -1 5 1 1 -2 -1 5 0 -2 -2 2 -3 -3 -5 -4 -5 4 -4 -3 -4 2 -3 -3 -4 -1 0 0 4 -2 2 1 1 -4 5 5 5 3 4 -1 -2 2 5 -5 0 -3 1 -2 0 -4 -5 -5 -1 1 -3 2 2 5 1
0 2 -3 0 1 5 0 4 -3 -5 -3 -1 1 -4 2 0 -3 -5 -3 -2 3 4 2 -1 -2 -3 1 -5 -5 5 0 0 4 0 0 -5 -4 2 3 -2 -2 -3 0 5 5 3 -1 3 1 3 4 4 4 -2 1 -5 2 4 3 -1 3 2 -5 -1 0 -5 1 4 5 -4 2 1 2 4 4 -2 0 4 -2 2 -1 -1 5 -5 -2 5 4 -1 1 -1 -5 3 -2 -5 -2 2 -2 1 -5 1 -5 -4 -1 3 3 1 -5 3 5 -1 4 5 -5 2 4 -2 3
5 3 -1 -4 -2 1 3 0 -3 3 5 -2 -5 5 1 -4 0 5 -2 2 -5 -4 -3 -1 -3 5 -1 5 -1 1 -3 1 -2 -3 0 -4 -1 -1 3 3 5 -4 -4 -3 -4 -5 -2 -4 -1 -3 -4 2 0 -4 3 3 2 3 -4 2 5 4 -1 -4 0 -4 0 -3 1 -2 3 -1 -5 4 -4 -4 -3 -3 0 -3 3 3 -2 2 5 0 -5 0 1 1 -4 3 1 -2 -3 -2 4 5 2 4 -4 -2 5 2 3 2 1 0 5 0 -2 -5 -5 2 -2 -5
4 0 -5 5 0 5 0 1 -5 0 2 -4 -3 -4 4 3 3 -4 4 -3 2 2 3 3 0 -4 4 -5 5 0 -2 -1 3 1 -1 -5 -4 -5 -1 5 -3 -1 1 -3 -1 0 1 -4 3 0 -4 2 -1 -1 1 -5 -5 -1 0 -3 -4 -3 3 4 4 -4 0 -4 -4 -1 0 0 -4 -3 4 -2 4 -4 -2 -5 -1 -1 3 3 -4 3 4 3 -1 3 5 -1 -4 1 -5 -1 1 -4 5 0 -1 -5 -3 -4 -4 4 -5 -4 2 -5 2 0 1 3 -4
-1 -3 4 3 -2 -4 0 -3 -3 5 4 -4 5 -5 2 -2 -3 -3 5 3 -2 1 -5 5 3 -1 4 -2 2 3 -2 -5 1 -2 4 5 1 -2 3 -1 0 -3 1 4 1 4 -1 -1 -2 4 -4 1 -1 5 4 2 -5 -4 1 4 -2 -1 -3 4 -3 5 4 -4 5 -2 -3 -5 -2 -2 -5 -4 5 1 -3 -2 -1 -4 4 -5 5 -2 -4 -5 1 -4 0 -2 2 -3 -3 5 -4 0 0 1 1 5 3 5 -1 2 5 -2 5 -3 -2 1 0 -2
5 5 -2 2 2 -1 1 -5 -1 -5 1 2 -3 -5 -5 2 3 -1 -2 1 -4 -1 -3 -1 -1 -3 1 -5 2 3 -4 4 2 0 -1 5 -2 2 -2 -1 2 1 -1 -3 2 -2 2 -3 -5 -2 5 2 1 -2 3 3 5 -3 -4 -1 0 3 -1 -4 -1 5 3 -1 1 -5 -4 4 -4 -2 -1 -1 -2 5 3 4 4 3 -3 5 2 3 -5 -3 -5 0 3 1 4 0 -5 2 -2 -3 -4 -1 1 -1 -1 4 -2 5 1 5 4 4 4 0 -4
1 2 4 -2 -2 0 -5 0 0 2 -2 3 0 2 -2 1 3 -5 -4 -4 4 -3 -2 1 -5 -2 2 1 3 -4 -4 5 3 2 -3 -2 -2 -2 0 -4 -5 -1 -5 4 1 -4 -1 5 4 2 -2 -4 0 -2 4 -4 -4 -1 4 3 5 -2 -5 2 -1 3 -3 5 -5 2 -2 1 0 -4 -4 3 4 -2 4 -1 -5 1 0 0 2 3 -3 -5 -4 5 4 -5 5 -1 -2 -3 -3 -2 -5 -3 -2 -2 -2 -3 -1 2 -5 5 2 -2 4 -3
-5 -4 -2 0 5 -1 5 1 -3 -4 -3 2 1 -5 -3 0 -5 3 -3 5 1 -4 -4 -3 -2 -4 -3 1 -4 1 -2 -3 -1 3 3 5 3 4 4 0 2 -3 4 3 5 4 -2 2 1 -3 4 2 -1 0 -1 4 -2 -5 -2 1 -1 1 3 2 -4 4 -4 -3 -5 -2 3 -4 3 2 1 5 4 -3 -5 3 -3 3 -2 -3 -2 -5 3 4 3 -4 -2 3 3 -4 0 3 3 -4 -1 -1 0 3 -3 -3 -5 1 2 -2 -3 -2 5
-4 3 -3 4 2 -4 1 5 3 -4 0 2 -3 5 -1 0 -5 -5 -5 -5 5 -5 -5 -4 0 -3 5 4 -4 -4 -2 2 -4 2 3 5 0 -5 5 4 -5 -3 0 0 1 5 -4 3 5 -1 -1 -1 -3 -4 3 -3 4 5 4 3 2 -1 2 3 -4 -3 -3 -1 3 4 -5 0 1 2 -5 3 1 2 -5 -5 4 -5 -5 5 -1 -2 1 0 5 0 -4 0 3 -1 3 -3 1 1 4 -4 -2 1 -3 -1 3 -2 0 0 5 -5
0 -1 -3 4 1 -5 3 -5 5 2 -5 1 -2 -2 1 4 4 3 2 4 0 -5 4 5 3 -3 -3 -4 -5 -1 -5 -4 1 -1 3 -4 3 3 -5 -1 5 -1 5 -3 3 2 2 -2 3 -2 1 -2 3 5 -4 1 -1 -2 -3 5 -4 -3 1 4 5 -1 -3 3 4 5 5 5 -1 1 -1 -3 -5 -2 1 -3 0 3 1 -2 -4 -1 -1 -4 2 -5 1 -1 5 1 -3 0 0 -1 -5 -3 1 -2 5 0 0 3 5 -3 -1
-2 -5 5 -4 2 1 -1 1 -1 -1 3 4 3 3 -5 -2 -4 0 -2 3 3 3 -3 -1 0 -3 2 4 -5 5 0 -5 -1 5 5 -5 -1 -2 -2 -2 -2 0 -2 3 -1 4 0 -4 1 -2 -3 -4 -4 -4 4 2 3 2 -4 3 -5 4 -2 -2 4 -4 5 5 -2 2 -2 -3 1 5 0 -2 -5 1 -5 -4 -4 4 3 2 0 1 -4 2 3 1 3 3 -5 -5 -3 -2 -5 -5 4 -4 0 1 -4 3 -3 4 3 -5
-2 1 0 2 5 2 -1 -1 4 -4 1 -5 4 5 -2 1 0 4 0 -3 -5 -4 -1 4 -4 -4 3 5 4 -1 -4 3 -1 -2 -2 1 3 2 0 -5 4 -3 1 -2 -3 -3 -2 4 4 3 -3 -4 -2 2 -1 0 0 1 -4 -4 -1 -5 -1 -3 3 3 1 -5 0 5 -5 0 -2 2 1 1 1 -5 3 -4 -4 -3 1 -5 -5 -2 -5 3 -2 0 1 1 4 -4 -5 1 -3 5 2 -4 0 -2 -4 -3 -2 -1 0
0 -5 1 3 3 -3 1 4 -4 2 5 2 1 3 5 -3 4 -2 3 -1 -1 -5 -4 -2 -1 3 -5 3 2 -2 0 -1 -2 2 5 3 3 -3 1 -5 -2 -2 5 0 4 -4 -5 -4 5 0 2 -5 4 -5 3 0 4 4 -4 -1 -1 4 -3 -5 2 -1 4 -3 1 4 4 4 5 1 4 4 1 5 -1 3 5 4 4 5 5 2 -4 3 -1 -3 3 0 4 1 5 4 -2 -3 0 4 -4 -1 -5 3 -1 4
4 -2 -3 -2 -4 -3 -2 -1 -3 1 1 4 3 -5 1 4 -5 3 2 -3 1 5 -4 2 1 -5 5 2 -3 -2 -1 3 -2 3 4 -2 0 5 5 4 0 5 -2 3 -3 5 3 -5 -1 -5 0 1 5 -4 -3 4 4 1 0 -5 3 -3 1 4 0 3 5 -3 1 5 -1 -4 3 1 4 1 0 1 5 -4 -2 -5 3 2 1 -4 5 5 -3 -2 3 0 4 0 -4 -1 -2 -1 1 3 -3 -2 4 -1 3
-1 5 -5 -5 -3 2 -2 -5 -5 5 3 1 4 1 1 -4 -5 -4 1 3 -2 -4 -4 5 -2 4 0 -5 -5 -4 1 3 -5 4 5 -1 -4 -1 5 4 -4 0 -5 2 1 -3 5 3 -2 4 2 5 1 5 -3 -5 0 -2 5 -1 -1 -5 2 2 2 4 -1 1 -3 -5 2 -3 1 1 5 -3 4 -3 0 -5 3 -4 2 5 2 1 -5 -3 4 4 -4 -1 -5 1 3 5 3 -1 -4 -2 -2 -2 2 -2
-4 -3 0 0 -3 -2 0 1 -4 2 3 -4 2 -5 -2 -3 5 -4 -4 4 -3 -5 1 -4 -2 1 -2 3 5 0 -3 2 2 3 4 0 1 -4 -2 -2 2 -4 5 3 -1 -1 -1 4 -5 -3 4 0 -5 -3 1 -1 3 -5 -4 1 -1 -1 -5 -2 2 -2 5 -1 -4 1 2 3 -4 -3 2 2 5 3 -3 -3 -4 -5 -3 5 -4 2 4 3 -3 -4 5 -2 -1 3 1 -3 4 3 0 2 5 4 2
-2 1 -2 3 -2 -4 3 -3 3 5 0 1 -5 0 -2 4 2 -5 2 4 3 5 1 1 5 -4 2 2 -5 1 2 -2 1 3 -3 -5 0 -5 1 3 -3 -4 5 -3 -3 -2 5 0 0 5 -3 -4 1 5 5 0 -5 0 3 2 -4 5 -1 1 4 -3 -4 3 5 -3 -4 4 -3 0 4 1 2 4 -5 3 4 3 5 -1 -2 1 4 4 3 -1 3 -5 -3 -3 -5 0 -5 4 -2 5 3 1
4 -1 3 -1 5 -3 -1 4 0 4 3 3 5 -4 5 -4 -1 0 2 5 3 3 2 -5 5 2 -4 0 -3 -2 3 1 2 1 2 -2 3 5 -3 -5 4 2 -1 1 -4 4 -4 5 5 2 2 4 3 2 1 3 -3 4 4 1 3 2 -3 -3 0 3 4 -2 2 -5 5 3 0 5 3 -5 1 5 -3 5 5 -2 0 -5 -1 -5 5 0 1 1 4 0 5 2 4 -5 -5 5 -4 -3 -1
3 -3 0 0 -1 -1 -3 3 1 2 4 1 -2 -3 0 4 -1 -3 5 -2 5 -3 5 3 4 -1 1 -2 -2 3 4 -4 0 1 -3 -1 -4 5 5 0 -3 3 0 2 -3 0 1 -3 4 -3 1 4 -2 -2 0 3 4 5 0 -4 -2 3 -4 3 1 0 0 -5 5 2 3 -1 1 3 0 -5 4 0 2 5 -1 -1 -2 -5 -2 -1 5 4 -4 5 3 4 -4 -4 2 4 2 -3 -5 -2
3 0 4 -2 -1 -5 -4 0 -2 1 -1 -4 0 -1 2 -4 0 0 -2 -4 -2 -3 0 4 -2 1 2 3 -4 -2 1 2 0 -5 -5 4 -1 -3 5 -4 -1 -4 -5 0 -3 2 1 4 3 -4 4 3 2 3 -5 4 -3 2 -5 -1 0 -3 -2 3 3 3 0 1 -3 -3 0 3 1 1 -5 0 4 3 1 2 3 2 -1 -1 -3 -3 2 0 3 0 5 -1 3 5 0 4 1 0 0
4 -1 -3 3 -3 -1 4 -4 -4 1 0 -5 -3 -5 -5 -5 -3 -1 0 5 -2 4 5 -2 -4 -2 -3 5 -4 0 0 -4 -2 -5 0 0 2 -5 3 -2 5 5 1 3 -3 5 -4 -1 -1 -1 3 3 4 1 1 4 4 2 -3 2 -2 1 2 5 2 -1 5 1 -3 -5 -3 0 3 -3 0 -1 -2 -4 3 -2 -3 3 -4 -3 -2 -4 -3 -2 4 -3 5 -5 5 -1 4 -4 -5 1
-5 -4 3 -2 1 -1 2 -3 -2 3 2 0 -5 3 -3 2 1 3 -4 5 2 -3 -3 0 2 2 0 -1 0 3 5 -1 2 -3 1 -3 4 -5 0 -3 4 -4 3 5 2 1 5 3 -2 -4 1 -5 3 -3 2 -4 5 2 -3 -4 2 5 -2 -2 2 -2 4 5 4 -3 -5 0 -3 -3 -3 4 4 4 -2 1 -3 -4 1 0 5 4 -4 5 -1 -2 3 3 -3 -2 -3 0 5
0 -2 4 3 -2 0 3 -1 -1 1 -4 2 5 2 2 -2 -3 1 -1 -2 -5 4 0 -1 -1 4 2 4 -4 -3 2 4 4 2 -5 -3 4 -3 2 -4 -3 -5 0 -2 5 4 2 3 2 -4 -2 2 0 -3 4 3 3 -2 -3 -3 -5 5 -4 -3 0 1 -5 3 -2 -3 -5 -5 -1 3 2 4 5 2 3 3 3 4 2 0 5 -2 0 5 3 0 -3 -2 5 3 1 -5
-5 -2 -5 -1 -1 -2 1 5 -4 4 4 0 -4 2 -4 0 -3 -2 4 -4 -5 -3 5 4 -3 4 0 5 -5 -4 -1 -2 2 -1 5 3 -2 -5 4 -2 -5 4 1 2 -4 -2 5 4 2 -4 4 -4 -3 1 -5 5 -3 -3 -4 -2 -3 -4 5 2 1 2 5 -3 -5 -4 4 5 -4 -4 -4 1 1 -4 -3 -3 -5 -4 4 -5 2 -3 0 5 3 2 -2 -2 4 -2 -5
-1 4 -2 1 1 0 -2 3 -5 5 -3 2 5 5 -1 3 -4 -3 -1 -3 -4 -4 -1 -5 3 5 1 5 3 -3 0 -5 4 5 0 -3 -3 4 -1 1 -3 -5 4 -2 0 0 1 -4 5 -5 -2 5 4 4 0 -3 4 2 -5 -4 -2 2 -4 -3 -1 -2 1 0 3 0 3 0 1 -1 -3 -2 -5 -1 -4 -3 -5 -3 2 -5 1 -4 0 4 -3 2 -2 3 2 -1
-5 -3 4 4 -5 2 -4 1 1 4 -5 1 -2 -3 -3 -1 3 5 -4 0 0 -1 -3 5 5 5 -5 -2 -1 -5 -2 -5 -4 -5 4 0 1 2 4 5 2 0 1 -1 4 -4 0 2 4 5 0 0 -1 1 -3 -2 -1 2 -4 -3 -1 2 1 -5 -4 -5 3 -5 -4 3 -4 -5 -2 -5 1 3 -2 -4 2 1 -1 -4 2 -3 1 3 -5 3 -5 3 -4 5 0
2 -4 -3 4 -5 -4 0 -5 2 -4 -2 3 -5 1 2 -4 -2 -5 2 -2 0 -4 -5 -1 0 3 -1 2 -1 -2 1 -3 -4 -2 -5 -5 4 1 -3 0 3 3 5 0 2 1 1 4 -1 2 -5 -2 -4 3 -5 0 -2 5 -2 4 1 -3 2 -1 1 1 1 -3 -4 0 4 -4 3 -2 -3 2 -5 -5 -5 -1 1 1 1 -4 -1 0 5 4 -5 -4 -4 -5
2 4 2 5 2 -4 -1 -5 -5 5 -1 4 -2 3 3 -4 4 5 -1 4 -5 0 -2 5 -4 0 -3 -5 -1 4 4 3 -5 4 -1 5 4 2 1 4 3 2 5 -2 5 -4 -2 2 4 2 5 -4 1 1 4 3 -1 -4 1 1 -4 -3 -2 2 -1 -5 2 2 4 -1 -2 -2 -3 0 1 -3 -2 3 5 4 4 -1 4 4 -4 4 2 -5 -4 -1 -3
1 5 -3 -5 -2 2 -5 3 2 3 -3 -4 -4 1 -5 -3 5 5 5 -5 5 5 5 -1 -4 3 -4 -2 0 5 4 4 3 4 3 4 2 -3 -4 -4 2 -5 3 3 5 4 -1 5 3 -5 -4 3 1 -1 -1 3 -3 -3 -4 2 0 3 3 -2 4 2 3 0 2 -5 3 -3 -5 -5 -1 3 -5 1 2 0 2 5 -4 -3 -2 1 4 -4 -1 4
1 -4 5 5 -4 -3 3 2 5 4 -1 -3 4 5 1 3 3 -3 2 1 4 5 2 5 5 -5 -1 -5 4 0 -2 -4 -1 -4 4 1 -4 0 1 -5 2 3 5 -2 -3 2 -1 5 3 3 -2 0 1 0 -4 2 4 5 5 5 1 -3 -1 5 -5 4 1 5 -1 4 1 1 3 -2 -1 4 1 -5 -1 2 3 -1 -3 -4 2 -5 -3 3 0
-4 1 -3 -3 0 4 -2 5 1 -1 3 3 -3 -5 3 4 -2 -1 3 1 3 3 -2 4 -5 1 -3 -1 1 2 -3 3 2 4 4 -4 1 -5 4 -4 -4 -1 -4 -2 -4 4 -2 0 5 4 5 -3 -2 1 -4 -2 -2 2 1 -5 0 -3 -2 -5 -1 0 3 3 -4 1 0 -5 -3 0 -1 -1 2 -3 -1 -4 4 -4 1 0 5 -5 -2 -1
-1 -5 4 1 1 -4 2 2 -4 3 -3 -1 4 3 4 3 5 -5 3 3 -5 1 2 3 -3 -4 -1 -4 2 -1 1 3 -4 -2 0 4 -3 1 5 1 -1 3 1 4 5 3 4 -2 4 1 4 3 2 -1 3 1 4 -1 -4 0 0 4 -1 0 5 -5 -4 -4 4 -3 4 5 -3 -5 5 2 0 -2 1 -5 0 -4 -4 2 -4 1 5
-5 -2 4 3 3 1 -2 1 0 -2 1 5 -3 -4 3 4 -1 0 0 4 -5 1 2 -5 -5 -5 4 5 5 4 -1 -3 -1 3 4 -1 -3 -5 -1 1 1 5 -1 3 4 1 1 2 1 -5 0 1 -1 -3 -5 -1 0 1 0 2 2 0 3 -5 4 2 -1 0 -2 -2 3 4 -5 1 -3 -2 0 -1 1 1 -3 5 -3 1 0 -1
-5 -4 1 5 0 4 4 0 -2 -5 -5 5 1 -3 -3 -4 -3 -3 -1 -3 2 1 2 5 2 -1 1 -3 0 4 -4 1 -5 -4 -4 -3 -1 -4 -4 0 3 -1 3 3 5 1 -5 -5 3 -5 -4 2 4 3 1 2 2 3 -3 -2 -4 -3 4 4 0 2 -5 -1 2 -3 1 -1 -3 5 1 -4 -3 -4 -3 -5 -2 3 -1 -2 2
0 -2 1 0 4 1 3 -5 2 3 0 5 -3 0 -1 3 -3 -1 -3 -4 5 3 -2 3 0 -1 0 -1 -5 -5 5 1 -1 -1 5 0 -1 5 2 0 -3 -2 -4 -4 -3 -2 -3 2 -1 3 4 2 5 4 -4 2 2 1 -2 -2 5 -1 5 5 5 -3 2 -3 -5 -2 3 3 1 5 -3 -4 2 0 -5 5 3 -5 -4 4
1 -2 -5 -1 0 5 -2 -5 1 4 -2 0 3 3 -3 -1 4 -2 0 -2 -1 -5 -5 5 -4 3 -4 1 2 2 3 -1 3 -4 1 0 -3 -1 -1 -1 5 0 -1 -1 1 -5 3 -2 3 0 -4 2 4 4 -2 2 3 -4 -5 5 5 5 5 0 -2 5 4 -4 -3 3 2 3 3 5 -1 3 1 4 4 4 1 4 3
3 -3 4 -5 -1 0 2 4 -3 2 -4 -1 2 5 -3 -1 1 -2 -5 -4 4 3 1 -1 -3 -1 -3 -2 3 5 -2 4 2 -3 3 -2 -2 4 -4 -3 -4 5 5 3 2 -5 1 -3 4 -2 -3 3 3 -5 4 3 -2 -3 -3 -4 -5 -4 -5 -3 -2 -3 -5 -5 -4 3 1 2 1 1 -4 -5 -5 3 5 4 5 3
5 2 1 -4 -5 3 -4 -1 -2 0 1 -4 -1 -5 -2 3 -1 0 5 -2 5 -4 4 3 -5 2 -1 1 3 5 -3 -2 0 -1 1 4 0 5 -4 -5 -5 -2 -5 2 1 -3 -5 0 -1 0 4 1 2 -4 0 -5 -5 1 1 5 1 1 -1 -4 -4 -5 5 1 0 -1 -4 -4 -2 -1 -5 2 3 0 -4 1 4
4 -1 4 2 -5 3 4 -5 0 3 -2 1 1 3 -2 -1 3 -3 1 3 4 4 4 1 -3 1 4 2 -5 3 -2 3 1 3 3 3 5 4 -4 2 3 5 5 5 2 4 -4 0 -5 0 4 1 -3 0 2 -4 4 2 1 -5 4 -2 -3 -5 -4 -3 1 0 2 5 3 4 3 -3 1 -5 -1 -4 3 -5
4 0 -3 -4 2 0 0 3 0 -4 2 2 2 -1 -4 5 -3 2 -1 1 4 -3 -4 -4 3 5 5 3 -3 -1 -4 4 4 1 -3 1 -1 -3 -3 -3 4 2 0 3 4 -4 2 -5 -1 0 -1 -3 -4 3 0 5 -1 0 2 -5 0 1 3 -3 -5 4 -3 -3 0 2 -5 4 -5 -5 -4 5 1 -2 0
1 -1 -5 2 -3 -2 -3 -1 2 -3 3 -3 3 4 0 -1 -5 -5 -4 2 3 5 3 -3 -3 -1 2 -2 -4 -3 1 -4 1 3 0 -5 2 -4 -5 0 3 5 -5 -4 -4 4 0 -5 4 -3 2 -4 5 -4 0 -3 1 -4 -5 0 -2 2 -5 4 -3 -2 -5 -5 2 -4 1 4 0 5 -5 -5 2 -1
5 -4 3 4 -1 3 0 -1 -2 5 -3 4 3 2 1 4 3 4 -2 1 0 -3 4 -1 -1 2 -4 1 -4 4 3 -3 2 -2 -1 3 -4 -2 -4 -5 -1 0 -5 -3 0 3 5 4 1 -2 5 -3 -4 2 -1 -2 0 2 -1 3 -2 0 -3 1 3 -5 1 -1 3 1 -5 1 2 -2 4 3 -2
-1 -1 3 3 -2 3 -1 -3 0 -2 1 5 -1 1 -3 3 -5 0 0 -5 2 2 -1 -5 1 0 2 4 0 0 -4 0 1 -3 -2 4 -3 -5 4 -5 3 0 0 -4 -5 2 5 -1 -5 5 4 -4 -2 -4 -4 -4 2 3 1 -4 4 5 -5 -3 0 -1 2 5 1 -5 5 -3 -3 5 -5 1
4 0 -2 0 -1 -4 5 -3 -5 -4 5 -3 -3 2 0 4 0 -5 -5 -3 1 -5 -4 0 -4 0 -2 -3 0 5 5 5 4 -1 2 5 4 0 -5 2 -1 -5 2 -4 2 -2 -3 2 4 3 -5 0 4 5 0 5 -5 -2 5 -4 -5 -5 1 -1 5 4 -2 -1 -5 -2 4 -4 -5 -1 0
-3 -5 -2 1 -5 3 4 -1 -4 -4 3 -1 5 4 -4 -2 5 0 4 4 -3 3 0 0 -2 0 5 4 0 -3 -5 0 1 -4 -5 -5 1 2 4 4 -5 5 -5 1 4 1 3 -5 -4 3 1 2 2 -1 -5 -2 2 3 -1 5 -3 -2 5 -2 4 -1 -1 4 0 -2 -5 -5 1 2
2 1 -3 0 0 -5 -2 -3 5 0 -5 -4 2 -2 1 0 -1 -3 1 -3 -1 -4 2 3 -1 -3 4 -5 5 -3 5 4 -3 -2 -2 -1 0 -4 -4 -5 -5 4 -5 5 1 5 -5 0 -2 -5 5 3 3 1 3 -1 -2 -5 -3 -4 -4 1 1 2 -2 -3 4 -5 -1 5 0 2 0
4 3 3 2 0 4 -3 -4 -3 4 4 1 -1 -3 1 -5 -2 -2 1 5 -3 -5 -3 2 0 0 3 -3 -4 -1 2 2 -5 4 -3 -5 2 -4 -4 0 -3 -2 3 -5 -3 -2 1 -3 -4 5 4 5 -3 -4 0 3 -4 3 4 2 -5 5 0 4 -4 1 -4 -4 3 1 -2 3
0 0 3 3 -4 4 0 4 2 2 -3 -4 1 3 3 -5 -5 0 -2 2 3 4 -2 -4 3 1 4 -3 3 4 2 -3 3 -1 0 -1 -5 5 -4 3 -3 -3 2 -3 -5 -5 -3 3 -2 4 -1 3 -3 5 -2 -3 5 -3 -5 -1 -4 -1 -1 2 -1 5 -2 -3 3 -4 -4
1 0 4 4 -2 -5 5 -3 5 -5 -3 -5 5 -2 -5 -1 -3 -2 -3 -3 2 2 0 -3 -4 -2 0 -2 -5 -3 3 -4 1 0 -5 1 -1 1 -2 -5 5 -5 0 4 -2 2 2 2 0 1 4 -4 4 3 -2 -3 -4 5 -5 5 -3 4 -4 1 5 5 -4 2 -1 1
4 -5 -3 4 3 -2 -4 -5 -1 -2 3 -1 -4 4 1 1 -3 -3 4 -4 -2 -4 1 2 -5 3 -5 0 1 3 0 1 1 2 -5 1 -2 1 -3 -4 4 3 1 0 0 -5 -1 4 -1 -1 -1 5 -5 2 1 1 -2 5 -1 4 -2 -2 4 1 0 -5 -1 5 4
1 -3 2 -2 -3 -3 1 -3 1 -4 -4 -1 -3 -1 -2 1 5 -3 0 5 3 0 -1 5 -3 -4 5 3 3 5 -5 3 2 4 5 4 -4 4 1 -3 5 -2 -1 -4 5 4 4 5 1 -1 -2 -2 3 0 -2 -3 -1 2 -3 0 5 -5 0 3 -2 -2 -2 -1
-2 -5 -2 -4 -4 0 5 3 2 1 -5 0 -1 0 2 1 4 5 -1 2 0 2 1 4 -1 5 0 -2 0 -2 1 0 4 2 -1 1 1 4 3 1 -4 1 -2 -1 -3 -4 -3 0 -1 0 -5 3 -5 4 0 4 -1 3 -4 0 -3 1 4 -3 0 0 4
1 1 -1 2 -3 -4 -2 -5 2 -1 -3 -2 0 4 -4 -1 -3 1 -4 -1 -5 5 -1 5 3 4 -2 -2 -3 1 -4 -1 0 -1 -2 -5 2 4 1 -2 5 2 -2 -4 5 -5 -5 3 5 5 -4 2 3 0 -3 -3 -4 -4 0 3 2 -4 3 -1 0 -3
-2 0 5 -1 -3 1 3 2 -1 -1 5 5 5 2 -5 -4 2 -2 5 -3 5 5 -5 3 1 0 -3 -2 2 2 2 -3 4 1 1 5 0 1 -2 -2 2 -5 -4 -1 -5 5 -5 5 0 -3 2 3 -4 -5 0 0 5 3 5 -5 -5 -5 -3 2 5
-3 -3 -4 -1 -3 0 2 5 -2 -4 1 -5 4 -1 -2 4 -4 -2 1 3 5 -4 2 -3 -5 -2 -4 -2 1 4 0 0 -3 3 1 -3 -5 4 5 -3 4 5 2 -2 0 -3 0 4 0 5 5 -2 -2 -3 -3 -3 5 2 -2 4 -2 3 4 4
-3 -5 -1 0 2 -2 0 -2 -3 -2 1 1 -4 3 0 -5 2 1 -4 -5 3 2 -5 3 -3 1 4 2 -4 3 -3 -2 1 -5 -4 -5 2 -4 -3 1 -4 0 5 3 -2 3 5 3 5 -3 -4 2 5 5 1 -1 3 -1 1 2 -2 0 2
-1 -3 -3 -2 -2 -3 -3 -3 3 -5 5 -4 4 -1 -1 -3 0 3 5 4 -3 5 5 5 -3 -3 0 1 -5 1 -3 4 0 -2 0 5 -5 1 -2 5 2 -2 -4 5 -4 3 -5 -1 1 5 2 -1 -4 -2 -5 2 5 0 -2 3 -1 -4
5 3 0 -3 -5 5 -4 -2 1 -3 1 5 -5 3 -1 5 1 -2 4 2 5 0 1 -4 0 -1 2 -5 0 0 -1 4 -4 -3 5 5 -4 0 -4 1 -1 -4 -4 4 5 0 0 1 -1 -5 4 5 -4 4 1 4 -2 4 0 2 3
2 0 -3 -5 2 -5 -3 -5 -1 -3 1 -3 5 -5 -4 4 5 2 -4 -3 5 -4 -3 -1 -4 -2 4 -2 1 4 1 2 3 4 5 2 1 -5 4 3 2 -2 -4 -3 1 2 2 -2 -4 4 -3 -3 2 5 1 5 -5 2 0 4
3 3 4 2 5 3 1 0 -2 5 -2 5 5 4 -1 -2 -4 4 -4 5 1 0 -1 -2 -5 3 5 4 5 0 -3 -2 -4 -3 -5 -3 -4 4 -4 0 -5 0 2 1 -1 -1 4 5 2 -1 2 -5 -5 -5 -3 1 3 2 1
-1 -1 3 5 1 2 1 -1 4 2 4 2 -1 -4 1 -2 1 0 1 -5 -1 0 -5 -5 1 -2 0 0 -2 2 -2 -5 4 1 -1 4 1 4 -3 2 2 -4 -4 5 4 5 0 -3 4 1 -2 0 -2 -5 0 4 2 -5
-3 0 0 -4 -3 3 -3 2 1 5 -2 1 -1 -2 -4 0 4 -1 3 4 3 4 0 4 1 0 -1 1 5 1 -2 -1 0 -1 -1 -2 -1 -1 -4 -1 4 -4 1 4 4 4 -2 4 -2 -1 -1 4 2 -1 -2 4 -1
1 -1 -5 3 5 5 3 -3 -3 -2 -5 4 0 3 1 -3 4 2 -2 4 5 3 5 3 4 -1 -4 -2 -3 -4 -5 4 2 -3 -5 -3 -4 2 -5 2 0 -1 3 0 -2 -1 5 1 0 0 2 4 -3 -3 -5 -2
-5 -5 -1 -1 4 1 -1 1 -4 -3 4 -2 4 -5 -5 -3 0 -4 -3 -4 -2 2 0 1 0 3 4 1 -2 0 4 0 5 5 2 -5 3 1 -4 4 4 -2 -4 -1 0 3 -1 -2 -1 0 1 1 -2 -4 -4
-2 3 3 0 -5 -2 -1 -3 -2 1 -3 5 -3 -5 -2 -2 -1 2 -1 -3 -1 1 -2 5 -4 -5 -1 -2 5 2 4 1 3 5 5 1 3 -5 -5 3 5 0 -3 4 -1 1 4 -5 -3 5 -4 5 5 2
2 -1 -4 2 -1 -2 -5 -1 -2 0 -5 -3 -2 3 0 -5 -3 -3 3 4 -1 1 1 0 -3 2 0 -3 -2 -2 -3 3 -3 4 -2 -5 -3 -5 -3 0 1 4 -4 -2 -2 -5 -2 -5 -2 -2 -1 1 2
2 -4 -4 5 1 2 0 -5 2 1 -3 2 4 4 0 0 -2 -5 -3 -1 5 0 -2 -5 -4 -3 -2 4 3 -1 2 -3 -2 -5 -2 -1 -3 -5 -3 3 -1 2 -4 4 -5 -4 2 -3 -3 5 -3 -1
-5 0 -5 2 1 -1 5 3 2 -4 2 5 5 2 0 -1 1 -4 4 4 -3 -1 -5 1 0 5 3 -2 3 2 -3 5 2 5 -3 0 3 -4 -3 -3 0 4 -5 4 0 1 1 3 -1 -1 3
-3 -2 2 -2 5 -2 2 4 -4 -3 -4 -3 -4 -4 -5 -4 3 2 3 -5 -2 0 3 1 4 -5 5 -4 2 -5 2 -1 -5 5 -2 4 -3 0 -4 4 4 4 -1 0 -3 4 0 -4 2 -4
-3 -3 -3 2 1 -1 -2 -2 3 2 -3 -3 -5 0 -1 -3 -3 -4 1 -3 1 5 0 5 -1 4 5 1 -2 -2 -5 3 -2 -2 -1 -1 -1 2 -5 -1 3 3 2 3 4 4 0 -5 -1
2 -5 -3 -5 0 4 5 1 3 5 0 -4 4 0 -2 5 2 2 -1 4 -3 1 1 5 5 -2 -3 4 0 1 -2 -1 -3 2 2 2 0 -3 -3 0 4 -3 -5 1 -4 1 0 3
-4 -3 4 -3 -5 5 0 4 -3 -3 4 -1 -4 -4 0 1 -2 -5 -3 4 0 0 5 4 1 -2 1 -2 2 5 -3 5 1 -3 4 -1 5 -3 -5 1 1 -4 0 5 -1 4 3
-5 5 5 3 0 -4 -2 -2 -4 -2 5 3 -5 -5 -1 4 3 -2 -3 -4 5 -4 -3 -3 -4 -3 -4 0 -1 3 5 -4 0 3 -3 1 3 1 3 2 1 -1 -5 -4 4 -4
3 0 -1 3 3 -5 1 -1 -1 -3 5 -5 -5 1 -3 4 3 2 2 5 3 2 -2 0 3 0 1 5 1 -1 1 -1 -4 4 1 -3 -2 -1 5 -3 -4 4 -3 1 -3
-3 -4 -2 -3 -5 -1 -4 -5 -1 -3 4 -1 3 -2 -4 -1 2 3 4 -4 -4 2 4 2 -3 1 4 4 4 4 -1 4 3 -4 5 -3 3 -2 -4 3 -5 -5 -2 1
1 1 -5 -3 -5 -5 -5 0 -2 -3 3 0 -2 3 1 -2 -4 -5 0 5 -5 0 -3 -1 -2 3 -2 3 -5 0 3 -3 1 4 -3 5 4 4 -5 -5 2 1 3
1 -3 2 1 -2 -2 -3 3 -2 3 4 1 5 -2 -2 2 1 -4 3 0 5 -4 5 3 1 -3 1 2 -4 -2 1 3 -1 -4 -5 -4 -2 -3 5 3 -3 -2
-2 4 -3 -4 5 3 3 -2 0 -3 2 4 -4 3 2 0 -5 1 2 2 1 -4 5 -5 1 5 0 4 -3 -5 5 3 3 -4 5 -1 -2 -4 4 -3 2
4 2 1 -4 2 3 -4 0 4 1 4 3 5 -2 3 -1 0 5 2 -3 5 -5 -3 1 1 0 1 3 1 -3 4 0 4 -4 -3 0 2 -2 -1 4
3 4 4 -3 0 0 -2 4 -1 5 1 5 5 -5 2 -1 -3 4 4 -5 2 -1 5 2 -3 4 1 1 4 -1 -4 2 4 4 1 2 -5 3 -5
3 4 2 -1 5 5 2 -1 3 0 5 4 4 -1 1 -1 -4 3 -2 4 3 -1 -4 1 2 -2 -1 2 3 5 0 -2 1 4 3 3 -4 1
-1 4 3 -5 -1 -1 0 -5 4 -3 5 5 3 1 -5 0 -3 -4 -5 -3 1 -3 2 -5 1 1 -1 3 4 -5 -5 3 -3 -1 3 -1 0
3 -4 -2 -5 3 3 4 3 -2 5 -5 0 2 -1 5 3 3 -2 4 4 2 -1 -4 3 0 1 -2 -5 -3 2 0 -5 -5 -5 -2 -5
5 0 1 5 1 -4 4 4 0 5 -2 -5 0 1 -1 -4 3 -1 4 -2 2 3 5 -1 1 2 4 -5 3 2 -5 5 -4 3 2
-3 1 5 -5 -5 -4 5 -2 1 0 -4 -5 -2 -1 -1 -1 -1 -3 4 4 -5 1 2 -1 5 0 1 3 1 0 -3 -1 -5 1
-3 -3 -4 0 0 4 4 1 2 -3 0 1 -3 -3 -3 -4 4 -5 0 -2 -2 5 5 5 -1 2 -5 -1 2 -1 2 1 -1
3 -1 5 0 0 4 -2 4 1 0 -3 -4 -2 3 -2 0 -5 2 -4 -3 -1 0 0 -2 -4 -3 4 -5 -5 -2 1 -3
5 -3 -4 -4 2 -2 5 -3 5 2 2 -3 1 -1 3 5 3 -2 4 0 3 0 5 0 3 0 -3 -3 4 5 -1
-3 5 0 -3 0 -4 1 -4 3 0 2 0 4 -4 2 -4 -5 0 -5 3 5 -5 0 -1 4 -4 -1 2 2 -1
-1 2 -2 0 5 -2 0 -3 -1 2 3 -1 -4 2 -4 0 4 -1 4 2 -2 -1 -1 4 -2 -5 0 -2 2
3 3 -5 -2 -2 -4 3 -2 1 -4 -4 -2 -2 5 3 4 -3 1 -5 3 2 3 3 -3 3 -4 0 -3
2 3 2 -2 -5 -1 3 1 -3 0 5 -4 0 -3 -4 2 -1 1 0 5 -2 0 -2 2 3 -5 -4
3 4 -4 0 1 5 2 -2 -1 -1 1 2 -4 2 2 1 -3 4 1 4 -4 -1 -2 -2 1 -3
4 4 4 -1 1 5 1 -1 0 -5 4 4 4 4 -5 -5 -4 -5 3 4 3 0 2 -2 4
-5 3 -2 5 0 -3 -4 -4 3 4 1 5 3 -1 -1 -3 5 -1 1 -1 3 3 -1 4
5 4 2 4 0 2 -3 3 0 2 0 5 4 0 3 -3 3 -4 4 -5 -3 -3 -4
2 4 2 3 4 5 5 5 -4 -3 -1 3 3 -2 5 4 2 -4 2 -5 0 4
3 -1 -1 0 -4 -1 -2 1 2 -3 3 1 3 -4 -4 -3 -2 5 -5 -2 3
3 0 1 3 -4 -4 4 -2 4 2 3 -4 -1 0 4 -5 -5 4 5 4
5 -3 -4 2 2 4 -5 0 0 -3 3 1 1 4 -2 -2 0 -4 5
5 0 3 3 -5 2 -5 5 0 -2 -3 5 1 -5 -4 -4 4 -2
4 -4 -5 -2 3 -3 4 2 -1 -3 5 0 0 -4 -2 1 -5
4 -5 3 0 3 -4 3 -4 -5 -1 0 -5 -3 -1 -2 2
-2 1 -4 0 3 2 -2 1 1 -3 2 -4 -2 0 3
4 1 4 -2 -2 0 -2 4 -5 -5 5 0 3 0
1 -4 0 5 -1 2 5 -2 -4 5 0 1 1
-2 4 2 4 -3 0 0 -4 -4 1 -1 -2
1 5 4 -5 5 -3 3 -2 2 2 -3
2 -5 -3 3 4 1 5 1 1 -5
0 -2 -1 -3 3 -4 1 -1 -1
-4 5 1 -4 -5 -4 4 2
0 5 -2 0 3 5 -1
1 -1 -5 0 -4 -5
-2 5 3 3 -5
-3 2 -2 -5
-1 -3 2
1 -2
1