25
2 3 3 3 4 4 4 2 4 4 2 4 3 4 3 3 4 4 3 3 3 2 3 3 4
20 12
6 12 25
6 20 7
14 3 22
25 12 3 11
2 18 23 3
13 10 3 24
22 18
15 1 20 2
25 19 1 4
19 18
20 2 8 9
22 20 25
7 13 19 2
20 4 19
7 3 4
24 18 4 10
23 8 16 7
12 16 14
23 9 21
8 22 11
11 21
22 7 14
23 11 13
1 15 10 21
2 0 5 -1 1 -4 -5 4 5 5 5 3 1 1 0 3 -5 1 -4 1 -3 -3 4 5
-5 -5 3 4 2 -4 1 -5 1 -1 -4 3 -4 -5 -5 0 3 -5 -2 -2 0 5 -4
2 0 -3 -1 4 2 3 1 -2 4 4 2 3 -1 3 -3 1 4 2 -2 4 -3
0 3 -2 1 -4 3 -4 -1 -3 -4 1 5 0 3 -2 2 -4 5 -2 3 -4
2 5 1 3 0 -1 -1 -2 0 -2 -3 1 0 -1 -1 -4 0 5 0 3
-2 -4 3 5 2 -1 5 -2 0 -5 3 1 -1 4 -2 4 4 -3 -1
-1 -3 -3 -1 -5 1 4 3 1 -2 5 -4 5 0 3 0 -2 5
-5 -2 -2 0 0 3 0 -4 0 3 -4 -1 -5 -2 -3 0 -3
-4 4 -4 -1 3 -1 5 1 -2 3 4 -3 1 3 0 0
4 -5 2 5 5 4 3 0 -2 2 -1 5 -1 -3 2
2 3 -2 2 5 -2 2 4 5 1 5 -2 -3 2
4 1 0 -2 -5 1 1 3 2 2 -4 -5 4
5 -4 3 -5 -5 1 5 -4 -3 3 4 1
1 0 -2 -4 1 2 5 -3 -2 -4 -1
4 -3 2 2 -2 -5 2 -3 -4 3
-4 4 1 -4 -5 -4 3 3 2
0 0 3 4 1 -3 -2 -4
4 -5 -2 3 4 -4 2
-2 0 -1 5 3 -3
-1 -4 3 -1 1
-1 -2 -4 -4
-2 -5 -5
-4 5
-2