100
30 31 33 21 22 30 20 33 21 20 32 31 30 33 20 29 22 26 28 30 23 32 21 33 21 28 24 20 24 28 26 24 22 29 31 27 28 25 21 31 28 27 31 23 26 30 33 30 23 23 25 27 28 21 25 22 25 21 32 20 32 21 27 25 24 22 22 30 23 31 29 24 31 27 20 22 30 28 31 31 32 28 27 26 26 27 33 30 32 21 31 31 29 26 25 33 28 27 26 23
15 4 95 36 32 29 18 14 87 70 12 76 55 5 99 90 28 30 65 78 86 72 26 91 54 98 58 97 1 21
55 44 36 20 28 99 14 12 49 13 46 45 78 34 6 59 69 16 92 11 71 38 47 74 25 9 86 30 79 81 73
13 49 36 59 82 47 21 48 46 27 86 35 88 83 10 78 96 22 69 32 94 60 99 89 72 29 42 8 30 5 41 52 77
28 73 92 41 84 64 51 83 59 19 34 18 32 96 72 69 75 55 52 47 29
66 64 12 97 7 15 20 81 21 88 55 77 9 50 49 89 60 68 33 71 2 95
69 97 35 83 44 15 38 56 21 59 1 34 65 23 88 14 81 39 82 86 78 26 20 48 92 70 68 90 42 63
15 47 40 31 8 73 11 94 63 9 98 69 99 17 85 61 71 22 34 68
78 55 28 70 94 89 26 92 40 52 86 84 48 57 67 58 16 32 29 9 44 3 76 71 30 82 1 10 8 100 81 5 43
66 31 36 86 63 28 70 17 93 74 61 32 53 25 13 85 56 46 55 60 94
87 84 83 13 8 52 94 44 14 32 25 69 58 18 55 24 36 60 10 57
71 13 7 84 70 2 12 31 22 53 63 62 28 52 8 92 49 1 50 34 59 37 55 72 90 20 25 38 88 86 96 100
41 8 7 75 62 65 68 21 99 66 11 24 9 77 88 31 52 16 73 32 97 87 6 90 54 80 82 67 100 34 27
92 41 31 34 51 17 86 83 39 59 99 10 2 91 80 73 13 89 69 28 65 97 95 45 9 32 48 37 21 57
70 91 39 79 84 68 2 86 71 98 85 14 18 34 15 89 92 20 35 37 78 27 44 97 87 65 63 33 7 12 55 36 6
43 99 17 82 34 21 95 57 71 91 55 72 2 15 10 89 20 70 5 48
71 19 56 17 6 40 47 96 46 27 88 32 86 14 92 72 53 80 20 31 21 23 84 4 79 43 78 89 35
90 14 49 5 61 29 26 59 45 40 30 95 4 85 25 52 43 36 9 83 92 66
87 69 43 4 15 34 23 75 95 5 14 77 56 45 41 88 78 66 96 50 74 25 33 6 85 1
69 88 93 95 97 86 26 47 56 9 96 43 80 41 85 16 39 65 40 53 42 52 38 71 17 25 54 49
96 23 79 73 39 52 71 1 100 37 27 56 75 78 84 42 60 57 83 28 66 61 22 11 91 80 43 12 31 40
26 19 4 6 32 61 79 10 59 54 81 74 25 50 64 52 96 99 1 14 55 29 23
90 67 60 7 72 32 16 59 18 98 86 68 96 77 41 57 79 65 55 71 58 21 61 80 34 95 36 99 63 31 74 85
92 37 31 35 43 41 70 11 18 20 30 50 89 91 28 9 54 53 60 8 27
54 50 75 90 3 74 49 62 1 46 39 99 100 69 70 78 29 63 84 35 56 83 4 89 44 52 22 60 17 87 85 51 86
83 55 18 60 24 7 34 49 42 28 59 44 98 36 97 54 33 11 61 3 96
7 45 29 84 9 97 6 4 32 26 3 80 20 31 17 61 15 73 28 60 33 48 22 95 21 40 14 93
74 87 49 51 92 26 10 76 89 81 32 14 39 77 16 73 6 45 69 55 48 9 65 44
54 63 14 56 47 82 59 91 20 23 94 67 84 35 79 69 100 62 60 76
42 32 12 36 58 99 60 73 79 86 49 44 4 64 100 24 63 28 46 34 89 97 77 92
2 67 25 11 31 93 53 63 72 96 89 61 83 95 58 3 12 38 29 52 32 40 75 48 90 71 68 45
96 71 43 46 90 59 35 40 33 30 16 25 41 100 69 24 89 28 62 36 76 68 77 37 13 84
30 47 23 39 2 91 69 17 36 6 7 71 38 93 82 63 14 96 74 37 61 62 57 44
7 33 62 15 9 52 63 10 74 81 88 100 20 90 73 39 11 32 16 72 54 78
80 29 67 49 58 57 39 76 55 40 73 100 8 79 13 27 81 28 34 11 21 31 23 71 10 89 1 53 96
77 61 38 5 30 37 91 95 90 59 10 88 96 34 81 76 26 55 15 70 29 20 35 19 92 8 22 40 93 57 16
89 39 90 52 35 65 70 64 57 11 77 6 56 42 78 33 4 12 30 74 76 3 96 81 100 23 61
84 57 36 24 75 56 82 63 12 61 45 53 43 42 86 14 21 88 89 64 37 52 71 5 59 92 41 33
15 99 52 66 1 85 70 60 53 7 25 67 47 80 64 81 57 91 27 35 71 17 37 84 63
4 81 78 31 91 21 40 71 2 53 12 29 15 60 16 83 20 64 92 38 66
35 54 62 61 32 59 71 19 50 25 77 66 18 9 36 99 44 65 100 1 37 39 76 75 63 20 58 69 98 45 43
98 70 49 59 42 25 90 31 74 50 30 53 6 41 61 100 91 20 64 5 17 65 76 43 13 57 78 68
2 93 19 53 84 20 10 61 34 44 80 89 51 96 11 43 69 49 41 81 63 70 5 9 31 37 30
12 56 13 82 91 98 57 22 89 39 4 6 42 8 38 46 48 99 19 32 68 53 73 24 93 23 11 49 31 64 97
60 82 33 59 98 86 2 100 37 87 70 21 10 57 45 76 39 99 55 96 97 84 26
62 14 31 49 74 46 96 38 90 93 3 85 51 36 2 73 7 78 64 37 30 83 95 29 25 33
97 93 85 88 18 81 13 95 83 6 40 57 5 75 47 17 12 38 42 54 23 26 98 70 86 68 65 35 22 33
62 38 96 44 15 60 10 19 29 87 91 51 72 47 12 89 2 34 69 16 59 48 83 75 49 79 14 30 61 4 42 92 9
60 90 39 84 53 15 18 6 5 98 64 95 13 31 69 94 50 59 48 70 54 76 20 80 88 63 96 36 92 82
57 100 31 47 13 88 48 70 83 46 8 51 36 25 16 59 12 28 82 77 3 7 43
17 73 27 9 71 98 76 28 30 43 19 77 1 36 90 100 70 33 23 15 4 85 2
31 76 42 3 23 34 7 17 54 68 15 9 61 58 47 66 99 14 87 65 29 79 6 67 39
83 4 8 62 52 55 88 14 63 57 10 11 42 78 19 9 17 36 80 75 71 94 49 77 68 38 59
78 56 13 90 15 84 95 71 28 99 58 30 53 44 59 52 54 98 41 55 82 33 48 20 61 9 12 11
56 13 96 95 48 17 72 8 76 43 86 16 53 46 97 55 93 7 37 77 40
14 74 65 28 20 85 62 29 100 45 72 48 15 36 99 93 55 90 80 79 83 4 78 35 81
35 90 98 40 44 45 1 24 19 73 85 52 9 92 82 4 12 68 28 49 54 59
21 48 40 93 42 73 77 11 7 20 100 80 92 87 97 35 57 55 63 78 84 54 85 28 66
45 56 15 37 87 76 63 68 86 40 6 29 51 77 8 1 27 39 28 99 18
33 38 42 16 1 64 56 23 17 49 69 30 65 72 86 46 10 51 6 94 3 59 84 41 74 55 76 52 54 99 15 73
42 22 80 59 89 47 12 56 14 32 76 52 68 11 51 40 96 44 29 43
22 10 66 82 15 68 98 25 45 92 83 19 31 14 89 33 26 23 78 20 99 90 64 60 73 75 58 76 42 41 81 57
61 57 81 39 36 76 8 46 65 10 40 60 58 5 48 37 83 12 79 77 50
75 71 95 6 58 74 84 25 42 78 61 65 20 8 96 14 44 11 89 23 97 32 57 91 68 67 21
48 37 50 53 44 87 77 7 81 83 43 9 90 13 72 98 99 33 78 20 88 11 75 19 45
84 90 85 51 17 77 91 11 40 72 49 83 43 96 86 68 12 89 55 66 47 3 80 92
28 44 63 25 29 18 20 10 38 13 65 70 68 5 85 99 80 17 77 49 94 21
89 99 80 22 93 57 6 53 47 87 31 95 79 37 58 30 69 90 40 61 25 48
74 57 60 37 49 65 68 54 21 26 78 18 33 7 83 62 48 71 14 67 16 97 11 92 35 58 66 19 56 12
58 45 4 54 7 51 65 48 31 50 11 93 29 98 41 13 84 43 19 18 5 37 61
18 98 91 61 58 79 1 11 3 33 28 20 71 78 68 55 15 37 31 39 16 7 82 54 59 9 84 64 69 92 66
31 92 19 38 55 1 79 46 100 74 54 24 86 88 11 68 47 9 85 70 65 80 71 3 50 61 6 76 48
96 3 46 9 45 31 94 85 81 14 75 43 18 6 98 70 44 83 23 60 62 24 88 97
100 59 5 38 26 6 96 95 41 40 66 51 70 61 33 98 83 25 37 46 7 43 35 16 48 56 52 57 50 44 24
89 64 48 67 35 11 94 55 95 56 78 24 70 38 42 14 92 86 87 40 58 90 93 22 57 45 80
94 46 79 56 36 82 8 10 86 52 47 66 96 87 21 4 19 78 57 5
9 31 83 47 97 50 73 5 78 20 87 58 48 88 57 10 74 18 68 96 51 41
36 32 15 4 95 24 64 67 50 72 16 34 89 58 28 79 37 63 26 90 18 10 87 23 57 12 41 45 9 71
38 39 21 92 91 90 82 23 47 66 29 16 26 18 31 64 4 97 71 74 48 60 94 17 12 9 40 51
93 62 68 53 97 74 10 17 41 83 94 58 60 67 45 100 71 82 76 24 85 56 65 8 16 87 20 39 22 21 42
29 45 67 37 11 33 26 82 71 36 17 81 39 79 69 12 65 83 22 76 75 20 93 44 73 6 4 96 80 34 27
74 54 80 82 4 64 81 70 38 83 39 62 32 52 90 59 10 8 21 57 99 89 60 27 44 19 41 100 45 87 17 48
72 14 41 31 60 16 35 58 32 19 13 7 38 50 79 54 92 21 42 74 98 25 83 64 66 96 77 40
3 12 51 65 59 31 28 75 46 7 91 37 64 77 84 61 89 69 2 14 56 18 34 47 52 87 6
7 73 72 25 47 71 37 10 50 65 58 95 36 80 79 16 17 13 51 48 44 98 96 19 26 66
65 6 99 5 18 92 43 61 67 59 20 78 66 96 42 79 41 21 51 85 39 76 44 100 88 69
91 73 39 61 3 48 43 87 15 54 75 40 81 4 77 97 34 90 74 30 7 83 62 22 68 49 19
88 32 5 74 90 15 25 3 57 41 54 20 53 27 100 65 79 61 8 18 67 87 72 42 62 68 49 91 23 59 69 44 46
99 93 88 83 89 34 79 62 25 32 36 72 39 29 98 37 27 63 41 100 45 96 90 85 16 74 70 49 51 80
19 38 6 37 92 11 45 57 84 33 62 28 26 69 35 72 86 18 14 79 76 31 32 7 68 29 30 77 13 53 43 61
88 99 18 1 71 21 53 84 61 62 26 97 37 42 83 8 12 74 30 69 95
5 23 54 99 100 51 64 24 38 96 2 39 73 78 14 43 37 59 70 68 94 18 65 60 35 25 15 85 21 83 33
24 2 95 44 38 73 87 25 23 79 82 52 55 66 42 12 89 13 100 18 62 86 32 1 34 50 31 58 35 43 39
93 74 2 34 84 47 89 31 8 86 16 60 40 21 52 65 88 90 82 38 48 79 29 78 18 62 20 59 80
90 71 61 97 69 86 28 32 88 77 11 68 58 89 47 10 73 15 8 99 65 26 74 96 20 22
67 57 15 88 27 92 75 63 12 66 58 8 59 17 91 54 97 73 89 72 60 40 3 51 33
1 96 28 75 10 6 55 45 90 9 70 8 91 61 5 37 53 24 18 54 48 49 58 79 77 11 92 82 93 16 23 69 51
17 94 29 1 3 39 60 87 70 55 69 49 30 32 59 45 20 36 25 15 5 54 96 31 27 9 13 80
77 87 91 7 32 95 6 52 57 30 70 28 8 18 65 38 98 74 41 83 100 42 31 39 19 67 29
39 36 8 72 76 95 23 81 87 55 97 64 7 45 83 49 68 41 54 53 20 100 85 24 69 61
29 39 91 19 60 8 72 53 54 94 68 18 50 32 33 27 43 83 11 58 48 12 69
-2 3 2 0 -5 4 5 5 4 2 5 2 -5 -5 3 3 1 -5 -5 3 -1 3 -1 -5 3 5 1 -3 -4 -4 3 -3 -2 -2 4 3 -1 0 -1 1 -4 0 1 2 4 -2 -2 -1 5 -4 5 5 -5 -4 1 1 1 3 2 -5 5 -5 -3 -4 2 1 5 0 4 -4 3 -5 -2 -2 4 2 -1 -5 -4 5 -1 3 4 5 -5 -3 0 -5 -2 4 -3 1 -4 -1 -3 4 -2 4 1
5 3 0 1 -3 -4 3 0 -5 -4 1 -2 -4 0 4 4 4 1 0 -5 5 -1 2 2 -2 0 3 1 1 -3 5 4 5 1 -4 4 -1 -2 -4 -4 -1 -3 1 5 -3 1 0 0 -4 -4 -5 -1 2 0 -1 -4 -3 -4 -3 1 2 3 3 3 1 -4 -5 -4 0 3 -4 4 4 0 1 -5 -1 1 1 -4 3 -2 4 3 -3 5 1 -3 -3 -1 -1 -1 2 -3 -4 -3 1 -1
1 -1 2 -4 0 -1 -2 5 2 4 4 -2 2 -4 -3 -1 -5 1 0 4 1 0 2 0 1 5 4 -3 -1 0 4 -2 2 0 -3 1 0 -1 5 2 4 -2 0 1 -1 1 0 -4 4 -2 4 3 -3 5 3 -5 2 -2 2 -1 -4 1 5 2 -3 5 -1 -2 -1 5 -3 1 1 -4 2 4 2 4 1 3 3 1 3 -5 0 3 4 5 -4 -4 -2 5 5 0 -3 5 4
-5 4 5 5 5 1 0 1 -4 -5 -4 -1 -2 3 3 3 4 4 -2 2 0 1 2 5 4 3 -3 0 -5 2 -4 -1 1 -4 -4 -3 0 -1 0 2 -2 3 2 0 2 -4 2 2 0 -4 -1 -5 -4 -5 0 5 -4 5 -3 -2 3 -3 3 -3 0 3 1 2 -2 1 5 -3 -3 5 5 1 1 -5 4 -2 2 4 1 1 -5 -2 -2 -1 -4 4 -4 3 -3 0 0 -2
2 -4 -1 5 2 3 5 0 4 1 4 1 4 -4 0 0 2 4 -3 5 -1 4 4 -4 5 -3 0 -4 -2 -1 -4 -3 0 -3 3 1 1 4 -3 4 1 1 -3 2 5 3 5 -3 3 -3 2 -1 -3 -3 0 2 4 -5 0 -5 2 -3 -2 1 3 3 5 2 1 5 2 1 2 2 -3 -4 4 -5 -2 -1 -5 -1 -2 3 -1 -3 2 4 2 3 3 -4 4 -4 -1
3 0 3 -5 2 3 -2 1 -4 5 -2 -1 -5 2 -1 0 -4 2 -4 -2 -2 4 0 4 5 1 -3 4 -3 -2 -2 -5 4 0 3 -1 4 3 -3 0 -1 -1 4 -1 3 5 -4 -3 1 -5 -1 5 -3 -3 -2 -3 0 -2 5 1 2 -3 4 5 -1 5 1 1 2 -4 5 -4 1 3 -1 0 2 2 0 4 -5 -4 2 5 5 0 -4 3 1 -2 1 -2 2 -1
0 -1 0 3 4 -3 4 2 0 5 -5 -5 -4 5 2 -5 -4 -3 2 2 -5 1 -2 -3 5 -1 -3 -1 -4 5 0 -1 -4 0 5 5 -3 -5 1 5 -1 -2 1 5 -4 -4 -5 -2 2 -4 -3 4 -2 3 5 2 -5 -5 0 -4 1 -3 2 -4 -2 1 -4 -4 -4 0 0 -1 -3 1 -3 5 5 -3 -4 3 4 -5 4 5 -3 2 0 -2 5 -3 1 4 5
2 -2 -4 -4 -3 -4 4 1 0 1 0 -3 -2 -1 5 -4 -2 3 4 4 4 -1 -5 5 -1 -2 3 4 3 -2 1 -1 5 -5 -2 2 1 -4 -2 2 5 4 -4 3 -5 0 0 -3 1 4 1 0 3 5 -3 2 -4 -5 4 -4 -5 -1 -2 -5 -5 1 3 -1 5 3 1 1 1 -4 5 3 3 4 -3 -1 -4 -1 -4 3 -2 -3 3 0 1 4 5 5
5 5 -4 -1 1 -2 -5 -2 -4 1 -4 2 4 4 -5 -1 5 5 -3 -4 -5 -3 -5 -3 2 0 3 3 -1 -3 0 -3 -1 -4 -5 0 1 -1 3 -4 -1 4 5 -4 2 2 3 0 -5 2 4 -3 0 -3 -1 -4 4 5 -4 -2 3 -5 -5 -5 -2 -5 2 0 1 -3 -3 -5 3 5 1 -2 0 -2 1 0 -1 -4 4 0 -4 3 5 -5 -3 -2 3
-5 1 -4 2 -1 -1 0 -4 3 2 -5 0 -2 -1 4 -1 4 -2 2 0 4 2 -2 3 -2 -3 -5 1 -5 -2 3 0 5 -5 0 -5 5 1 -1 -4 -2 3 -2 1 2 -5 -3 -1 -4 -5 -2 3 1 0 2 -4 4 -4 3 -3 5 1 -4 4 4 -5 1 5 -3 -2 -1 -1 0 1 0 0 2 -1 -2 -4 -2 -3 4 -4 -3 -4 -3 2 2 0
1 -4 3 0 -2 2 -1 2 -1 -4 -4 -3 5 -1 4 -5 -2 0 -3 -4 -2 0 1 3 -5 5 -1 -1 -3 -5 1 2 3 3 -2 -4 2 -4 -3 -4 -5 -5 -2 -3 -2 1 0 5 5 5 -4 4 4 -1 -4 -5 -4 -2 5 2 -3 -4 0 -4 -5 2 -5 -3 4 1 1 2 -5 1 5 1 -3 0 -2 -3 -1 -1 2 -3 -5 4 4 4 -2
5 -1 2 1 3 2 -5 -4 -1 1 -3 1 -2 5 3 -2 5 3 -5 1 0 2 3 2 0 4 3 0 1 -1 -3 -5 0 4 -2 -5 -1 -5 2 3 0 4 -2 -3 -4 -2 5 -2 -1 3 -5 -2 4 1 0 -3 -3 -2 4 0 0 4 -5 0 4 4 -3 4 -2 2 3 -1 -3 2 -5 -4 -5 -2 4 -2 -5 3 2 -5 0 4 -2 -3
0 -3 0 -5 -5 -3 4 -3 -4 3 0 -4 0 5 1 4 -4 0 -1 0 -3 -3 1 5 2 5 0 -3 3 4 0 -2 5 4 -3 1 -1 -1 -3 -3 -5 4 1 4 -5 -3 4 0 4 -2 5 4 -4 2 -3 0 -4 -2 0 0 -3 5 -4 5 5 0 2 -5 -1 -2 -2 -4 0 -1 -4 -5 -5 1 2 1 -3 1 2 1 0 3 1
-4 2 4 5 5 -2 -3 2 -4 -5 -1 -5 0 -1 -4 -4 0 -3 1 -3 -4 3 -4 0 4 4 2 -5 1 5 -3 4 1 -3 -5 -4 0 -2 -2 1 3 3 -1 5 -1 -1 -2 -4 -5 1 4 3 2 -3 -5 0 -5 1 -4 -1 5 5 4 2 -2 -4 -5 -2 -3 5 -1 -4 2 -4 -1 1 2 2 5 -1 -4 5 3 1 -3 0
1 0 -3 2 -5 -1 2 2 -1 -2 -1 4 -5 -3 5 -4 -4 5 0 3 1 4 -2 3 -5 1 3 1 3 5 2 4 -2 2 -1 -4 1 -5 3 4 3 4 5 4 -3 -4 2 -3 -3 -2 -2 -3 -5 1 -4 5 1 -2 5 -3 4 -1 0 -4 -4 1 3 1 3 0 -1 3 2 -5 4 4 3 1 -4 1 -3 -3 4 4 4
-4 -4 4 -4 -1 3 0 1 -1 1 5 2 4 4 2 -5 -3 -1 1 -3 4 4 5 1 -5 1 0 -2 -5 2 -1 0 -5 0 -1 -1 -1 2 5 -4 -2 -3 -1 2 0 -1 1 4 5 -4 -2 2 -2 1 2 3 0 -5 3 -3 -4 -1 3 1 -3 3 4 -5 -3 -2 -2 -5 -2 -5 2 -5 0 -2 -1 0 2 3 1 5
-4 5 -5 -2 0 2 4 2 -3 2 4 3 0 0 -3 -1 -4 -1 -5 1 -5 -3 4 -2 -2 5 -2 5 -2 -1 5 1 3 -5 5 -5 2 -3 5 -3 4 -5 -2 -1 4 -1 5 -1 1 1 0 2 -1 -2 2 -1 5 3 4 1 4 -4 -5 3 5 0 3 5 4 4 -1 -1 5 -4 2 -4 0 -1 5 0 -1 -1 5
5 -1 -2 -3 3 -2 -5 4 1 5 0 5 -3 -5 5 2 -1 -1 1 1 1 -5 4 4 -2 0 -2 5 3 5 2 5 0 3 -1 -3 5 3 -3 -1 -4 2 -3 -1 3 -3 5 0 5 -4 -2 0 -2 -1 1 0 0 -1 4 -1 2 -4 2 -5 5 4 4 4 -4 2 -2 3 -4 5 1 3 -1 1 -5 -3 -3 -2
0 1 4 2 -3 0 -3 -4 2 0 5 -3 0 5 -5 -5 2 -1 -2 -3 4 -3 2 -4 -3 4 1 5 1 1 1 2 1 -5 -5 3 -2 0 -5 0 3 -2 -5 5 -5 5 -2 -2 0 -1 -3 -4 1 3 4 -1 -3 -4 -5 -1 -1 2 3 4 3 0 1 5 -3 0 2 0 -2 -3 1 -5 -2 -2 -3 -2 -5
4 3 -3 -4 0 5 -5 1 5 -1 3 4 -5 4 -5 5 -4 5 -5 -5 -4 1 2 1 -4 3 -1 2 -3 -2 5 5 -5 -1 1 5 -4 5 3 -1 4 4 -3 1 -4 3 4 -4 -1 -4 -4 2 -2 4 -2 -1 3 -2 0 1 -1 -3 -5 3 2 -2 2 0 -2 -5 -5 5 -4 -4 4 5 2 -3 -4 3
-4 -4 -1 5 -2 2 -1 -1 2 -5 -4 -3 -5 -1 0 5 0 1 -4 -4 -5 -5 -3 5 5 -3 0 0 2 4 -1 -4 0 0 -3 -4 1 1 2 -1 1 2 1 5 -3 -4 -3 -5 -3 -4 1 4 2 4 5 2 -3 4 1 0 4 -5 5 -3 2 2 -4 1 2 -5 -4 -1 5 0 -5 5 3 4 4
-2 5 0 3 3 4 -4 1 5 -2 2 0 5 5 5 1 -3 3 4 -5 -5 5 -3 3 2 2 -3 -4 2 0 -2 0 -1 -5 3 -2 3 5 1 1 -2 -4 2 2 4 2 -4 2 2 0 -4 2 5 -5 -4 1 1 -5 3 3 -5 -4 4 4 5 -1 3 3 -2 5 5 2 0 0 -5 -2 2 0
3 4 4 2 5 0 2 -4 -4 5 -2 -5 0 0 5 -1 3 3 0 -4 -5 -3 2 -3 1 -4 -1 4 -2 -2 -4 1 -2 2 -2 0 -4 1 -5 5 5 4 -4 2 2 5 4 3 -3 2 -5 3 -5 3 1 4 2 3 -3 4 -3 -3 -4 1 5 4 4 0 3 1 1 4 -2 -1 1 0 -1
2 -3 -3 1 4 3 -1 3 0 3 5 -2 -2 -2 4 -1 5 0 5 -3 5 -3 3 3 5 0 -4 0 3 2 4 4 5 1 5 3 -1 1 -5 3 -4 -5 1 -3 -5 5 -5 -2 -1 -3 -1 5 -1 -3 -5 -1 -2 3 -5 0 2 -4 4 5 3 -2 5 3 1 -2 3 -1 5 -5 1 1
1 5 0 3 -5 -5 -1 -2 4 2 -2 5 5 0 4 3 4 -2 -2 -1 2 -3 5 -4 -3 -3 3 -4 1 -5 1 -1 3 -1 -3 -3 4 -1 -5 0 2 -3 -5 -3 0 4 -5 5 4 5 -1 2 4 3 0 -4 0 3 -2 -3 3 -4 3 -3 1 3 3 1 -4 0 -2 -2 5 0 0
0 -1 -2 4 3 2 3 5 -5 -4 5 0 2 -2 5 4 4 -2 -5 5 0 1 -4 1 -1 3 -1 -5 3 0 3 3 2 2 -5 -1 5 -2 0 3 -4 -4 -3 3 3 -5 5 -4 -2 5 5 -2 5 1 -4 -2 3 1 5 -4 5 -3 -5 2 0 -5 -4 -4 -5 -3 -1 3 -4 4
-2 -1 1 1 2 5 1 1 0 -5 1 5 -4 3 -5 5 4 -4 4 -5 -4 0 3 -4 -1 5 -1 4 -4 -1 2 1 1 5 -5 2 -3 3 -2 -3 1 3 -1 5 -3 -1 5 5 0 -5 3 3 -3 -4 -5 -5 4 4 1 3 3 -4 -1 -2 0 -2 1 5 3 -3 -3 -3 -2
4 -1 -2 -4 -3 5 4 -5 3 2 5 3 -4 -1 5 -4 -1 -4 -2 4 2 0 0 -3 5 5 -2 -4 -1 4 -4 -2 0 2 2 0 4 5 -1 4 -3 4 4 0 0 1 -3 -5 0 -2 -2 5 1 -1 0 -3 5 0 2 2 2 0 -1 2 3 -4 -3 5 4 -4 -1 -3
3 -2 -1 5 -4 -4 -5 3 5 -5 4 4 1 4 -2 -5 3 -1 3 3 2 5 -3 0 1 -2 4 -1 -3 2 3 3 -4 1 0 3 -5 5 -2 4 5 -3 3 -3 2 -3 -3 4 4 5 -3 2 0 -5 -2 2 -2 -4 -1 0 -2 -5 5 -2 3 0 1 2 2 -5 -5
5 0 -4 3 5 -1 -1 4 3 4 -3 1 5 1 0 4 5 -4 3 -1 1 -2 3 1 0 0 2 2 4 -5 3 -3 2 -3 -2 -4 3 5 -1 -2 -3 -3 -3 0 4 -4 5 -2 1 0 -4 2 5 2 2 -2 4 -3 5 1 -5 -2 -5 -3 4 4 -3 -3 5 3
-5 4 -3 -5 -3 -1 -3 3 1 4 4 5 -5 5 -1 -4 -2 2 4 2 2 -3 -2 1 4 -3 4 -3 4 5 3 -1 -3 5 0 2 4 4 -4 -2 1 1 -3 -4 -5 -2 3 3 5 1 -3 4 -4 -3 2 4 4 -5 3 3 -4 -4 2 5 -3 4 3 -5 5
5 1 3 1 0 -5 3 1 -2 2 1 0 4 4 -4 1 -3 -1 2 -2 -4 -1 4 3 1 -1 -2 -5 -5 4 3 -4 3 -5 1 5 -2 0 1 0 -4 -3 1 5 4 -1 -1 3 1 4 0 4 -1 5 1 -2 1 3 3 2 -3 0 3 3 2 -1 -1 4
0 1 -3 5 -4 -2 2 -3 -4 -2 3 1 0 3 4 5 -5 -3 1 5 -5 -4 -3 2 4 1 -4 -4 -1 -2 0 -4 4 -5 1 1 4 5 3 -1 4 -5 -3 5 2 2 -5 -2 5 3 -1 -2 -5 4 3 3 -2 4 -3 5 -5 0 -2 5 -5 -3 -4
-1 1 0 5 1 1 4 -2 3 -5 -4 -4 3 -1 3 4 0 0 -1 -2 4 -2 2 1 4 -5 -1 -3 1 3 -4 3 -4 3 -1 0 -4 3 -1 3 4 -1 2 1 4 2 -2 0 2 5 2 4 -5 2 -4 -1 -4 1 5 -2 5 -2 0 1 0 3
3 -5 -1 -2 -1 -4 1 5 0 -4 3 -3 2 0 0 -2 4 -1 -3 5 -2 2 -2 -2 -2 -1 -2 -2 -2 -2 4 0 -3 -4 -4 -4 5 5 2 4 -5 3 -5 2 0 4 0 2 4 -1 2 -3 3 -1 1 -2 4 -3 -5 3 1 2 3 -5 3
0 1 5 -3 2 -4 3 2 0 -5 -5 5 -2 1 4 -4 0 0 4 -1 -3 3 -1 -2 -1 2 4 0 0 -3 2 1 -2 1 0 0 1 -1 2 -3 4 -3 4 5 -2 -4 -1 -2 3 1 1 -2 -3 -3 2 -5 -3 1 2 -3 5 3 3 0
2 -1 -1 3 4 -5 1 -4 -3 -5 -2 -1 2 5 -4 2 0 -1 0 0 3 3 -1 0 -5 1 -4 0 5 4 -2 4 4 5 5 3 -3 -1 0 0 5 3 2 2 -4 1 4 -1 2 5 -3 -3 5 0 1 5 4 4 1 -4 -4 -3 0
-2 0 0 5 -1 -1 4 5 1 -1 2 0 4 3 2 1 -3 -3 -5 -3 -2 5 -1 -4 -2 -3 1 -4 -4 -4 2 3 -5 -5 1 3 -4 -4 -1 4 -3 -4 5 1 -1 -2 -2 -1 2 5 -3 -3 3 -3 -5 -5 5 0 0 2 2 3
-1 3 2 -3 3 -3 4 4 2 5 5 4 1 3 5 5 3 -1 0 2 3 -2 -4 2 -1 0 1 -1 -3 -1 -5 -5 3 -3 0 -1 2 3 -5 2 2 -1 -5 1 -1 4 -2 -5 3 0 -2 1 3 1 1 -2 -3 5 1 1 -2
-1 -4 1 5 -2 3 4 5 -1 -1 5 3 -1 1 -2 -4 -3 -3 -1 -4 5 2 4 2 -1 4 2 -2 0 -5 -3 -5 3 -5 -3 -4 -1 -1 -3 2 -5 -2 -4 -3 -5 2 -2 0 1 -1 2 0 2 -5 0 -4 -3 -5 -1 1
-4 3 2 -3 -2 -1 1 -5 -4 -2 1 2 -2 -5 -2 2 -4 3 5 -2 2 1 5 -1 0 -3 5 -5 3 3 -4 -1 2 5 -1 -2 0 -5 5 -2 -4 -2 5 1 0 -5 -3 -1 4 -4 1 -2 -5 -5 4 2 4 -3 0
-4 -2 -3 2 -4 5 4 0 5 -5 -5 0 5 -3 3 -4 -3 2 -2 0 3 5 0 2 -2 -5 1 0 -3 -1 -5 2 2 3 -1 3 2 -2 4 -3 3 0 0 2 -1 4 3 -3 -4 3 -3 2 -1 -1 3 0 2 -5
5 3 1 -3 -5 4 0 4 -2 0 -4 5 3 1 -2 3 5 2 3 -3 4 -1 0 1 5 0 -4 -4 3 5 -4 -5 -3 -3 -5 -2 -4 2 -2 -4 -5 4 5 1 5 2 3 4 4 -1 -5 0 -2 4 -4 -5 -2
5 2 -4 2 5 -5 0 3 1 0 -5 4 -1 3 -5 -4 -1 -4 -2 3 -4 -4 -2 3 1 -2 -2 3 5 -2 4 5 -3 3 3 1 -4 5 4 0 5 2 5 1 -4 -3 -3 3 1 3 0 5 -3 3 4 2
0 0 3 0 0 1 5 1 0 4 -2 4 3 -2 1 3 -1 0 2 2 1 -5 -5 -1 4 -5 3 -3 -1 -5 -1 -2 -2 0 -5 -1 3 3 3 4 4 -3 -4 -5 2 0 -3 -3 -1 0 4 -2 -2 -1 -1
-4 4 1 4 -2 -4 0 2 -3 2 4 -4 4 5 -1 -5 4 1 -4 -5 0 0 1 1 -4 -2 5 4 -5 5 5 1 -5 -1 3 -5 0 3 4 -3 0 3 -2 -3 -5 5 1 2 4 4 3 -4 -2 1
-1 1 -3 -3 0 -4 2 4 -5 3 1 -1 -4 1 3 1 -3 -3 2 3 -2 2 1 5 4 -2 3 4 3 -2 -2 -4 -1 1 0 5 4 -4 -4 5 1 1 0 0 -2 0 0 4 5 -5 -1 -3 0
4 2 4 -3 2 -5 -2 -2 5 0 -3 -4 -4 -5 -2 4 -3 -1 -5 0 -4 -1 2 2 -5 0 -2 3 -2 -2 3 3 -1 3 2 4 -3 5 -5 1 4 5 3 -5 -1 -3 -5 -1 -2 4 -1 -5
2 5 -5 -4 1 5 -1 5 5 0 -4 -5 -1 5 1 -2 1 3 -4 0 2 4 3 -4 -3 -2 3 2 3 -5 -5 -2 3 -1 0 2 1 -3 -5 0 5 0 0 5 -1 -2 3 -1 -5 5 -1
1 -5 3 -1 -2 -3 0 1 5 -3 -4 1 3 5 4 5 5 -2 1 -2 4 -3 1 -1 4 0 2 3 -3 -2 5 -3 4 3 5 -2 -3 -1 3 -3 1 -3 5 4 -3 0 -4 3 3 -4
-3 0 -3 -5 0 1 1 -1 2 5 -1 -3 -2 -4 -3 -3 -5 4 4 -1 4 4 4 -2 4 -2 -2 5 -5 0 -4 2 -3 3 4 2 5 0 -3 1 2 2 -3 -3 -2 -2 -5 1 -5
-1 1 -2 5 -2 -2 -4 -3 2 4 2 0 2 -2 1 1 -5 4 1 0 1 4 4 4 3 3 5 -5 3 -4 2 2 -5 -2 3 3 1 -5 3 1 3 5 -5 -2 -1 2 1 -1
-1 2 -3 1 -1 4 -5 3 -3 2 5 2 -4 3 -4 -3 4 3 -3 1 1 0 2 -5 -3 2 4 -2 2 -4 -1 0 5 -3 -4 -4 -4 2 5 0 -4 3 1 3 4 -3 1
3 1 -5 -3 0 4 5 -3 -3 -3 -3 -5 1 -1 -1 2 -1 5 -3 -4 -3 -2 -5 4 -1 -5 2 2 2 3 -5 4 2 -2 -2 4 5 2 2 1 2 -4 4 4 -5 -2
3 -1 4 5 3 -2 -5 -3 -3 -5 5 0 -5 -3 -5 5 4 4 -1 0 -4 -5 -4 1 -3 -3 5 -1 4 5 4 4 3 -3 2 4 0 -5 -4 -1 0 0 1 -4 1
3 -4 -1 2 -3 -4 -1 0 3 1 3 -2 -2 4 -5 -4 4 5 3 -4 2 4 -1 1 4 0 -1 3 4 4 0 -3 4 4 2 3 5 2 2 -3 4 -2 -1 -2
-5 -4 -5 2 5 -4 -2 4 1 1 -5 0 0 3 5 -2 -5 5 -2 -1 -1 -4 -1 -1 3 3 0 -5 -4 5 0 0 1 4 4 -5 -3 -2 0 0 5 2 2
-5 5 -3 2 -3 5 2 3 0 2 1 -5 3 -1 4 5 0 3 3 -5 -2 4 5 0 0 -4 -3 -1 -5 0 1 5 3 -3 4 4 1 -3 4 -4 -1 0
-5 -1 1 -4 2 -2 0 2 -1 -2 3 -1 -3 -4 0 -5 -2 -4 2 3 -5 2 3 -3 -2 0 2 3 -1 0 -3 -4 3 5 -3 -2 -5 2 1 3 -4
-5 -1 -5 5 4 -4 0 2 -5 -4 3 5 -1 -5 4 -1 5 -2 0 -2 -2 -1 -1 3 0 2 5 -4 -1 -3 -3 -1 -4 -5 4 3 3 -4 -2 3
0 3 0 -1 -3 -1 4 -2 -3 -4 -1 4 0 3 2 -5 -3 -5 2 5 -5 -4 1 -5 -4 1 1 -3 4 4 5 2 4 0 -1 0 -2 5 3
-4 2 4 -3 -4 2 -4 2 -1 5 5 2 2 -2 -2 -3 4 -1 0 1 -3 5 0 0 2 2 -5 -4 2 -4 0 2 2 -3 -1 0 4 4
-3 3 -4 1 -4 0 3 5 -4 -1 3 2 1 4 1 -2 4 -2 3 -3 2 1 -4 0 -2 4 1 1 4 0 3 -2 -3 5 5 -4 4
2 -4 4 4 2 0 3 -4 2 -3 -1 1 -4 4 -4 5 4 1 0 2 5 5 -5 -4 -2 -3 4 5 -5 -3 5 -3 2 3 -1 1
4 4 2 -2 -2 5 0 -1 4 5 -1 1 0 -4 4 -5 4 3 1 -3 -1 -5 0 3 -5 -5 3 0 -4 -1 -5 -2 1 4 1
5 0 1 1 1 1 3 -2 5 -3 2 -3 -2 3 1 0 1 -3 -1 5 -3 -3 -5 -4 5 -5 -3 2 5 1 -3 -4 -3 5
1 2 4 1 4 -3 2 3 1 3 2 1 0 -2 -3 1 4 -5 4 2 -2 3 -1 1 3 4 0 -5 -5 4 2 0 -4
4 2 -4 -3 3 -1 2 3 -4 3 4 -4 -2 2 5 5 5 -4 5 5 3 4 -1 4 -5 0 3 -5 2 2 3 2
4 0 1 0 -1 -1 -3 -5 4 -1 4 -1 -5 5 2 4 -3 4 -5 5 -1 4 -5 -1 2 -4 -3 3 -4 -1 -1
-3 4 -1 -1 -1 -5 -4 4 -3 4 -3 5 2 0 -3 -1 -2 2 -3 3 -5 0 -4 -3 4 -3 2 1 1 -2
5 2 5 -3 -2 4 0 -5 5 -1 -4 -5 -3 2 1 2 -1 2 3 -2 1 5 1 2 -1 -3 3 1 -5
-1 2 1 5 0 3 5 -5 -4 3 5 0 1 4 5 -1 0 -1 -1 -4 -1 5 4 1 2 5 -2 5
4 -2 3 0 5 -3 0 3 -5 5 -5 -4 -5 1 -4 3 -4 5 2 0 -2 -1 -1 -2 -5 -5 4
-4 -5 4 5 -2 4 5 -4 -4 -4 4 -3 1 5 5 4 -3 -4 -3 -1 -1 2 5 -4 5 2
-1 1 5 0 -1 -3 -4 -1 -5 1 1 0 -5 -1 -1 -3 2 -4 2 -2 4 1 -3 5 2
-4 -3 3 1 -2 4 5 -4 2 -1 -4 -5 -4 -4 4 -1 2 -5 2 -3 5 5 -5 -5
5 1 -1 -3 0 1 4 -5 3 2 2 1 1 -4 3 -2 -5 1 2 -4 4 3 0
0 5 -1 1 -5 5 5 -4 0 3 0 -4 2 -1 5 -2 -3 3 -5 1 5 -2
-1 1 -4 5 0 2 -4 5 2 -2 -3 -5 -2 -5 4 -2 2 1 -4 3 5
-1 2 3 2 -5 -5 0 -5 0 -5 1 -4 -2 5 5 3 2 5 3 -3
4 -2 -4 -5 -3 2 5 -5 2 4 -5 -2 5 -3 -5 -3 5 -5 -1
-4 2 4 -3 4 -4 -4 -4 2 4 4 -2 -4 -2 1 0 5 1
0 -4 5 4 3 -3 0 -2 -5 4 -3 0 -4 -4 -1 -3 1
-3 0 3 -3 2 -2 4 -5 -3 -4 5 4 1 -3 -5 2
-4 -5 -5 -3 -4 5 4 -1 1 2 -3 -2 -3 5 -1
3 2 1 -2 -3 4 -5 4 -3 2 4 -4 5 -1
0 1 -5 3 -2 -2 -4 3 -4 4 0 3 3
-2 2 5 5 -2 -1 -5 -2 -4 -3 5 2
2 -3 -3 5 -5 -5 5 0 -1 -2 1
-1 0 4 2 -5 -4 -5 3 -3 -3
-5 2 3 -4 -4 -2 2 4 4
0 1 -2 5 0 -2 -4 0
-2 -4 -2 1 -2 1 -2
-4 2 4 2 -5 1
-3 -2 4 2 -3
1 0 -3 2
-2 5 0
-1 -2
0