200
2 4 3 3 4 2 3 2 4 2 3 3 4 3 3 3 2 4 3 4 3 4 4 4 2 4 3 2 4 3 2 4 4 3 2 3 4 4 4 2 4 3 3 3 4 2 2 2 2 3 3 4 3 3 4 2 3 2 2 2 4 2 2 2 4 2 3 2 3 3 4 4 2 4 4 4 2 4 2 3 2 2 2 2 4 3 4 4 4 4 3 3 3 2 2 3 3 3 3 4 2 3 4 4 4 2 3 4 2 3 2 3 4 4 2 4 2 3 4 2 2 3 4 3 3 4 4 4 2 2 2 3 2 2 4 4 2 4 4 4 4 2 4 2 3 4 2 3 3 2 2 4 4 2 2 4 2 2 3 4 4 2 4 4 4 3 3 3 3 4 2 3 3 2 4 3 2 3 4 4 2 3 2 2 3 3 4 2 2 3 4 3 2 3 2 3 4 3 4 2
73 104
154 91 149 185
99 114 60
31 32 4
125 69 154 170
173 164
3 81 2
190 151
152 109 9 135
30 186
114 177 27
153 9 135
149 44 79 64
107 177 28
23 71 65
79 63 177
191 83
53 37 178 121
20 38 166
98 157 89 69
46 91 58
176 99 46 129
85 27 77 122
187 164 37 179
76 101
184 16 89 8
195 7 142
14 91
103 12 18 187
192 12 115
136 17
50 158 52 117
178 6 134 97
54 83 68
129 68
100 174 1
52 116 146 35
145 176 141 147
114 152 92 30
88 189
195 161 123 182
148 120 158
185 182 32
91 6 182
20 168 50 76
66 29
18 146
98 194
76 196
113 18 110
61 67 156
103 62 168 109
119 159 182
2 24 137
46 89 4 94
30 91
194 21 137
57 52
167 172
144 19
51 160 192 5
125 70
61 184
9 25
171 39 149 166
109 154
109 50 102
71 105
167 112 151
199 94 112
51 155 169 141
181 123 186 190
126 17
192 82 108 6
171 47 85 25
137 32 86 55
184 45
145 39 77 29
115 96
96 86 32
129 118
124 98
172 4
176 150
13 174 135 37
9 129 152
102 39 160 85
176 64 49 196
48 182 61 178
140 9 63 68
192 52 134
15 26 53
38 44 197
116 155
134 20
145 77 70
71 74 65
17 63 32
25 98 153
152 192 185 38
13 100
6 59 141
12 59 7 142
143 194 175 151
68 74 49 67
35 153
50 192 152
107 134 137 39
56 72
148 135 8
30 24
129 139 74
62 25 148 36
140 164 35 147
155 79
142 76 57 195
82 148
136 188 4
193 76 190 19
136 137
46 14
84 151 193
95 45 134 87
83 91 165
120 141 9
35 69 75 67
101 152 199 136
102 93 80 191
137 96
118 71
200 124
127 135 173
17 187
26 171
161 149 65 9
141 6 170 173
12 73
79 156 160 125
55 103 174 12
99 185 66 56
165 154 162 161
113 186
182 168 97 1
190 159
120 178 35
55 37 81 87
75 93
149 147 21
184 188 5
133 23
167 78
28 125 194 64
55 192 146 127
69 199
5 140
13 129 94 128
67 40
175 197
140 31 148
193 95 107 50
15 80 125 26
152 194
102 32 85 129
26 36 190 40
41 93 59 138
33 114 133
76 61 181
153 83 73
170 200 147
69 126 118 3
130 44
171 62 91
110 18 60
71 187
152 144 60 84
33 38 172
88 199
42 164 162
118 15 108 68
5 115 50 199
13 31
89 189 4
40 58
79 36
124 36 20
81 49 119
174 189 91 25
181 7
30 91
116 168 51
29 53 189 177
58 81 95
190 23
188 165 17
147 141
88 163 116
5 180 143 64
177 167 35
200 1 160 76
87 159
0 -4 -2 -1 -1 0 -2 3 4 4 -5 -2 -1 1 5 1 3 4 -4 5 -2 -5 -4 3 -4 3 2 -4 -4 -3 5 5 -1 3 -3 0 -1 1 3 -4 0 -5 -1 1 3 -5 3 3 -2 5 -2 -3 -1 1 2 4 -2 -4 3 5 -1 -1 -2 -3 4 3 0 -3 4 4 -5 -5 0 -3 1 3 -1 2 -4 -2 -5 -3 3 1 3 -5 -2 3 -4 -4 0 5 2 -3 -3 -1 2 0 -3 -2 -1 -1 -3 5 -3 0 -4 4 5 2 5 -4 -2 2 5 -5 5 -3 5 -4 0 1 3 4 -4 2 0 -1 5 1 -1 5 1 -5 5 -3 0 1 1 -1 -1 -4 -4 -4 -4 4 3 -3 5 -5 1 4 1 -5 0 5 -3 -4 0 0 -1 0 0 -3 -5 -2 -5 2 -3 -1 -3 0 3 5 -5 0 5 1 -3 4 1 0 -1 2 -3 -5 0 1 -2 -5 -5 3 -5 -3 5 0 2 4 -3
-1 -4 -4 0 4 0 -2 -5 1 2 4 5 -5 -3 1 -2 4 -5 -1 -4 1 3 -2 1 -3 2 -4 2 -4 -3 -2 3 1 1 2 1 1 -3 5 3 -2 -2 4 2 -4 0 0 4 1 -3 1 -1 -4 -4 -2 -4 -1 3 4 -2 -5 0 4 -3 4 -4 -3 -5 4 1 3 1 1 -1 1 -3 -1 -3 -3 -2 4 -5 -1 1 2 5 5 -4 -4 3 5 2 -4 1 5 2 4 -4 2 -1 -3 3 0 -4 -1 3 4 5 3 -5 3 -4 5 -2 -5 -4 2 -4 -5 -1 1 0 -3 5 -5 1 5 -3 5 3 3 -2 -1 -5 5 -5 1 -1 -4 0 1 2 4 -1 2 5 1 4 -2 0 -2 4 0 -4 -3 5 2 -2 -4 2 1 1 -4 -1 -1 -1 -5 4 3 3 3 1 -5 1 4 5 2 5 4 4 -2 3 0 0 -1 1 -1 0 -1 -3 0 -4 1 2 3 -1 0 -1
3 -5 -3 -1 5 3 -5 1 -1 2 -1 3 5 3 4 4 4 1 -2 0 -1 -5 1 2 -3 -2 -3 3 -1 3 4 -2 5 0 2 3 4 -3 3 -5 5 4 2 3 -4 4 3 -5 5 4 1 0 4 3 5 2 -3 3 0 -5 -5 -5 -1 -5 -2 4 -1 3 -1 -1 -3 5 -2 5 -2 -3 3 -3 0 -3 2 -2 2 1 -2 3 5 0 1 4 2 3 -2 2 -5 1 2 -1 -4 2 1 4 -4 5 -5 4 -5 4 2 -3 -4 -3 3 4 4 3 -4 -5 0 -2 -4 4 1 -5 4 -3 4 4 -1 1 -5 4 2 -5 4 -4 5 5 -5 5 0 5 -3 3 -5 5 4 0 -2 -1 -3 -4 4 -4 1 4 3 4 -1 1 3 4 4 -1 -1 2 4 -5 4 4 3 -2 5 -4 3 -5 2 0 2 -5 -2 -4 2 2 5 5 -3 -5 -3 -5 5 -5 5 2 1 3 -5
-1 -4 1 -3 -3 1 2 -2 2 0 5 0 2 -4 2 -4 1 0 2 -2 -3 3 5 1 3 4 -1 3 3 -5 -1 2 3 3 -4 -2 2 2 3 -1 3 -4 -1 5 5 2 2 -3 -2 0 -4 0 -4 -1 3 5 1 -4 -1 -3 -4 -3 0 4 -4 2 -2 -2 2 -5 3 0 -1 1 -4 4 2 4 3 -4 -4 1 3 3 -2 2 -5 4 5 1 4 -3 4 2 -4 -4 0 -1 2 -1 4 0 -4 1 3 0 1 1 -3 -4 4 4 0 3 2 4 2 -4 -2 -2 -5 -3 4 2 1 -5 4 2 1 -4 1 4 -3 -5 3 0 -2 4 3 -1 0 3 0 2 3 1 -4 -4 5 4 -2 -4 -4 -2 2 3 2 -4 -1 2 -3 -5 -5 2 -2 2 1 -2 -5 3 5 0 3 4 3 -5 -3 -1 -4 -2 0 3 5 5 5 4 -5 3 5 3 -3 5 1 -1 -4 1
4 -2 -3 5 -4 3 5 0 -3 2 2 2 1 2 -4 -1 3 -5 -4 -4 -1 -1 4 1 3 5 -2 1 -2 1 -2 -5 4 -2 -1 -3 -3 4 2 4 1 -2 1 -4 -1 3 -2 5 3 3 -2 3 0 -1 3 5 -3 2 0 3 1 -2 1 -2 3 1 0 4 -5 -2 -5 -1 -4 -1 4 3 4 -2 -5 -3 0 0 -4 -3 2 -4 -4 1 5 4 4 2 4 -1 -3 4 4 -2 5 -4 5 -3 0 3 5 1 -3 4 3 -2 0 -3 -1 -2 3 5 -3 -3 4 -5 4 -2 5 4 -3 1 5 -5 0 4 2 -4 2 2 4 -3 3 -4 5 1 0 3 0 -1 -5 1 0 3 3 -4 2 -3 1 4 0 -2 5 -3 -5 5 5 3 4 -4 4 -3 0 -2 -1 -4 4 -3 4 3 3 0 -4 5 5 4 -3 2 -4 -1 -3 -5 -1 -2 -4 0 4 2 5 -5 4
-4 -5 -3 2 -1 5 5 2 0 4 -5 -1 4 -1 0 -2 4 3 4 5 2 -4 1 5 -3 0 -2 1 5 3 -5 -2 0 0 2 3 4 2 3 -3 -2 -5 -1 5 0 0 0 -5 -4 -4 3 -3 -5 0 -1 -4 -2 -1 -3 0 4 4 -5 4 -2 5 -2 -3 0 4 2 -3 -5 0 5 0 4 -2 -5 -3 -1 5 1 -5 -2 -1 -3 -1 -2 3 5 0 5 3 3 3 1 -1 0 0 -2 -1 3 -3 1 0 2 -1 -2 4 2 4 5 0 2 -2 5 4 5 -2 1 3 -4 -2 -4 1 5 4 -3 2 1 5 -4 2 2 0 1 5 4 4 3 2 -3 0 0 -5 -4 2 -4 -1 -3 2 0 1 -4 1 -4 -4 -5 3 5 -3 0 0 -5 -4 2 4 -3 3 -5 3 0 4 -4 -2 4 2 -5 -1 -5 0 -3 4 3 -2 0 -1 2 2 0 5 -4 -3
-1 5 1 2 5 -2 -2 -4 3 -2 2 -1 3 -1 2 -2 -5 3 -4 -1 -4 3 -2 -4 -5 2 -2 -3 3 -3 5 -5 2 1 -5 2 3 5 3 -4 -1 4 -3 5 -2 3 2 3 -1 -1 4 1 1 -3 -4 -2 -3 -1 -5 -2 -3 5 3 -3 -3 2 -5 1 3 5 -2 -1 3 1 3 3 1 4 -5 -5 1 3 4 3 -5 -1 5 2 4 2 5 -2 2 -2 4 2 -2 1 0 0 3 -4 -2 -2 -2 3 0 -5 3 4 3 1 -4 5 -5 -2 -3 5 1 3 0 0 0 4 5 4 3 -5 -4 0 4 -3 2 4 4 5 5 -3 -4 5 2 1 -5 1 0 -3 3 2 0 5 -1 -1 -4 3 -5 5 -3 4 5 -4 1 -1 -1 0 1 -1 2 2 2 2 -3 0 5 -1 3 1 -3 4 -5 -1 -5 5 2 5 4 3 1 -4 -5 -2 1 -5 3
3 -3 -2 -1 -4 1 5 -1 -3 0 -1 -2 5 0 -4 0 5 0 2 2 1 -3 -1 -4 3 -1 -5 -1 -5 -3 5 -4 -5 3 3 -1 4 0 -2 -3 -3 3 -5 -1 1 -2 0 3 1 2 0 0 3 1 1 0 -5 5 -1 4 5 4 -3 0 0 5 -4 -3 1 2 4 -2 -3 2 5 2 -4 3 -4 -3 -1 5 3 1 -1 0 4 -3 -2 5 0 0 3 1 1 -3 -1 5 -5 2 -3 5 3 0 4 1 0 3 -4 5 -2 4 -5 1 5 -5 -3 0 -2 4 -3 5 3 3 3 2 -5 2 -5 -1 5 -2 4 -2 1 -4 -3 -4 5 -3 -1 -5 1 3 5 -5 -3 0 5 5 -4 0 2 -4 2 -4 4 3 0 4 4 5 5 -5 0 -5 3 -4 4 3 5 -1 -3 -3 -2 -5 0 4 -5 -2 0 -4 -5 1 -2 -4 5 1 -1 4 4 -3
-2 3 2 -3 4 5 5 1 -2 -1 -5 -3 5 -3 -5 5 0 -5 3 3 5 2 -1 4 -4 5 3 -5 -4 5 4 -2 -2 0 -5 -4 5 -4 2 0 -3 5 -3 -5 -1 -4 5 1 3 4 2 -5 -4 -4 -4 4 -3 4 2 -1 -1 1 1 1 1 -2 1 -3 -3 5 -1 0 1 -1 5 5 2 0 3 -5 -5 -5 -3 1 -1 -3 -4 4 4 2 -3 1 4 -3 -1 4 -2 -5 5 1 3 0 0 2 3 0 0 0 3 -5 -1 -5 5 -2 0 2 -4 -3 4 -2 -4 0 -5 -3 1 -3 3 2 -1 2 2 -2 -4 -1 5 4 -2 1 0 -3 -1 -4 5 -1 0 -3 5 5 0 -2 0 -1 2 -4 3 2 -5 1 4 2 -4 0 4 3 4 -2 -4 3 4 -4 2 -4 -5 1 -4 1 3 3 -4 -2 4 -2 4 3 -5 4 2 3 -4 -2 -4
0 4 3 0 1 -5 -5 -1 2 1 -4 -5 2 0 -3 -4 1 -5 0 -2 2 0 3 -2 2 5 -2 -3 2 2 -5 -4 1 -1 2 -1 -1 -1 4 5 0 1 4 1 -2 -2 0 4 -2 -4 3 2 0 1 4 3 3 -5 -3 3 4 1 -2 -2 -1 -3 5 3 -5 3 -2 0 3 0 3 -3 1 -1 -1 4 -4 -2 2 4 1 -2 3 -1 2 -1 -2 -3 3 -1 0 -1 -1 3 2 -4 2 1 -1 -5 -4 -5 0 -4 1 5 4 -2 1 -1 4 -3 5 -2 -4 5 1 -5 3 -5 1 4 5 0 2 -4 -3 3 5 5 3 -5 -2 1 2 -1 -5 3 0 2 2 2 4 5 1 -1 -4 2 -3 4 0 -1 -4 0 1 -4 4 -1 5 5 -5 3 3 1 2 0 -1 -1 5 5 0 -1 -3 -3 0 2 -5 -3 2 -2 3 1 0 1 -2 -5
4 -2 -1 0 1 4 2 1 5 4 0 2 4 0 1 1 5 1 4 1 -5 3 4 -1 -4 -1 3 -5 -3 5 1 -3 4 5 -3 -1 4 5 -4 -1 2 -5 -1 -4 4 4 0 2 1 -4 5 5 -5 3 -3 -3 2 3 0 -4 5 5 -2 -5 5 2 3 -1 1 2 -2 3 -4 -2 -5 5 2 -4 0 -1 -5 4 -5 -5 2 4 -3 4 0 2 2 -1 1 -3 -3 -2 -1 -2 -4 -2 0 4 3 -3 5 2 5 5 -5 3 3 1 0 -3 1 -2 2 -2 5 -1 4 1 -2 1 4 -2 -4 0 2 2 -5 -1 -5 -2 -4 -1 -5 5 4 -5 1 0 -4 -5 0 4 5 4 -3 2 -3 0 4 -3 -1 -4 3 5 -4 -5 4 5 -2 -5 1 -1 -1 5 1 3 -4 -3 -4 3 4 2 -3 -1 -4 -5 -2 -1 3 -4 -2 -5 -5 -4 -1
1 4 3 -4 -2 -4 5 -5 0 4 0 2 4 1 4 -1 0 3 1 -4 -4 -5 -4 0 -4 3 -1 2 -1 -1 -2 -2 -5 2 3 -4 -3 4 -5 0 3 -2 2 1 3 4 -5 1 0 2 1 -2 -5 0 2 5 5 -5 -4 0 2 3 3 0 2 1 -1 -4 1 3 -5 5 3 -1 -3 -2 1 -5 -4 -2 -2 2 -3 5 2 1 5 4 1 -3 -3 2 0 0 4 3 4 -2 -1 4 2 5 1 -5 0 -5 5 0 5 -2 -3 -3 -2 0 -4 -1 -4 0 1 -3 2 -4 0 0 4 5 4 -4 -3 5 -2 0 3 5 5 3 0 4 5 5 3 4 -2 4 0 2 -4 -3 -1 -3 -2 -4 1 1 2 3 -5 3 2 4 -2 -1 2 2 4 -2 -5 5 2 -2 -5 0 1 2 3 -2 -2 2 5 2 -2 -2 -1 2 -2 1 -2 -3
3 -3 2 -5 -1 -5 4 2 -1 1 -5 -2 3 -1 4 -4 -1 2 -1 4 3 -2 4 -4 3 -5 -1 0 3 4 5 -3 0 1 -1 1 1 -5 -4 3 -3 0 -3 2 3 -1 2 -5 -2 5 -3 -4 3 -1 -2 -5 4 -2 1 3 -5 1 2 4 -1 -5 4 5 -2 1 0 5 3 -1 -2 0 -1 -2 -4 -2 -5 -5 -3 -2 4 -2 5 4 4 -4 -5 0 -5 -5 1 4 -5 -3 -1 -3 4 4 1 -2 -3 -3 0 3 1 -3 4 -2 -3 -3 -5 3 2 1 3 1 -1 -2 5 5 0 3 2 -3 3 0 0 0 4 1 0 -1 3 2 2 3 -2 3 3 4 5 -5 5 -4 3 -1 -5 5 -4 0 -1 0 1 -1 2 -4 4 -4 -5 -3 0 -3 1 -2 2 4 -1 -2 5 3 3 3 4 -3 5 -5 -5 1 2 3 4 -1 5
5 4 -2 -1 4 -5 0 -4 5 2 4 -1 3 5 2 4 -4 3 -1 5 -2 4 3 -1 2 5 0 -1 -2 0 4 1 1 1 -4 -4 0 2 1 -1 3 -1 -3 1 -4 -1 2 1 -4 0 -1 -4 2 -4 4 4 4 -5 1 2 -2 4 -4 3 3 1 5 5 -2 3 2 1 1 5 0 3 -1 1 -1 -2 5 -3 3 5 -4 5 -1 -2 4 -5 -5 -4 5 0 -5 0 -1 5 4 -2 -3 4 5 -2 1 4 4 0 -2 0 2 -1 2 5 -1 0 2 -3 2 1 4 1 -1 -5 2 5 -1 0 3 -1 0 -2 0 -1 1 -5 4 -5 -4 -3 -4 3 -5 -4 -4 1 2 0 0 2 3 -4 5 4 3 -5 -1 -5 1 2 5 -1 -1 3 -1 -3 -2 -3 -5 0 1 -2 -1 3 4 -1 4 4 3 3 2 -1 -3 0 -5 0
0 -2 -4 -1 -3 -2 1 0 1 0 -2 -3 0 4 -5 3 1 -2 -4 1 -2 3 4 -4 2 3 -1 -1 4 -2 -2 -3 -5 2 -5 -2 1 0 5 -3 -2 -3 5 2 -3 -3 4 3 2 1 3 -1 -4 2 -3 -3 2 -1 -4 -2 5 5 -1 -5 -5 -1 5 0 4 -1 -5 -1 -4 1 -4 4 3 -2 3 3 -5 -3 0 3 -2 -4 -3 -4 1 -1 0 2 -2 4 -4 5 -4 -5 3 -5 -2 3 3 3 2 -5 3 -5 5 1 -4 -1 2 2 -5 3 -3 -4 -3 -1 -3 -3 -2 2 5 3 -1 -4 3 0 -4 -2 2 -5 -5 4 -5 -4 5 -1 -3 -1 0 -4 -5 -3 2 -3 5 3 3 4 4 4 4 -2 1 1 -5 -4 5 1 3 3 2 -1 -5 -2 -2 1 -3 2 2 1 4 1 5 -1 -5 3 -3 -4 1 -1 4
-4 2 -1 4 4 -2 2 -1 -4 -4 -2 1 -1 -2 -4 -4 -1 3 -2 -4 2 -4 -5 -1 2 -3 0 4 -1 4 4 1 -2 4 4 0 -4 5 -5 -2 -3 -5 -3 4 0 3 -1 1 3 -4 5 4 -5 4 5 -5 -3 5 5 0 -4 -4 -3 2 -5 3 4 3 4 -3 2 1 5 -5 1 -2 -1 1 -3 -2 2 -1 5 3 4 -5 4 5 -1 -4 -4 4 2 1 5 -2 -3 3 -3 4 4 -2 3 0 -4 -4 -4 5 4 2 -1 0 3 3 -3 5 2 4 -2 3 5 -5 5 -4 4 1 -5 -1 4 4 0 5 -5 2 2 4 -2 2 -5 -1 4 2 2 4 4 -2 5 -5 -4 -1 3 2 -4 -5 4 5 2 -3 0 4 -4 4 5 1 4 4 2 5 5 1 -4 1 1 1 2 -1 1 1 4 2 -4 5 1 -2
-1 0 5 -1 -3 4 4 -1 -2 -3 -3 4 -2 -2 3 2 5 2 5 2 -5 2 -1 -5 -2 2 -3 1 5 -2 -2 -5 1 -5 0 5 1 -4 -1 3 -5 -4 -2 -1 -1 -4 2 -2 -3 5 5 3 -3 3 -5 3 5 -5 4 5 1 5 -4 3 2 5 2 2 5 4 -1 0 -1 -3 2 5 3 -4 5 2 4 -4 1 4 4 -5 -3 -1 1 -4 -5 5 5 -3 2 1 -1 -1 0 4 -2 -2 -5 5 -4 2 1 -4 2 2 0 3 -2 0 -2 -5 -1 2 3 -4 5 3 1 3 0 -1 -1 -3 -2 4 2 -1 5 0 0 -1 3 3 -4 5 0 3 -4 2 -4 4 -3 5 3 3 3 -3 -3 2 -5 0 -3 0 -2 4 5 1 4 -3 2 -4 2 0 0 -4 -3 3 2 1 -5 2 5 4 -4 -1 4 -5 -2
5 2 0 3 -3 -2 -5 0 -5 0 -4 -4 5 -4 1 0 1 -3 2 5 2 -1 -3 -4 5 3 1 -3 4 -1 -1 -3 2 0 2 2 -5 -4 3 -4 0 4 1 -3 -2 3 5 5 3 2 4 -5 1 1 5 0 -4 -1 2 4 4 5 1 -2 4 1 4 3 -3 3 -1 -4 2 -4 3 3 -2 -1 5 -3 -3 3 -2 2 3 3 5 0 -5 1 -5 -4 -5 3 0 0 -2 5 -1 -3 -3 1 -4 -2 4 -2 4 -5 -3 -2 -3 -2 4 3 -4 2 -3 -4 -4 0 -1 3 1 -1 -2 -1 -1 5 3 2 0 5 5 -1 -1 -4 3 1 -3 -5 -2 5 3 5 1 5 5 3 5 0 -3 -4 -4 -4 1 -3 -2 1 -5 3 -2 2 -1 1 -1 1 5 4 0 2 4 -2 1 -1 1 -3 -2 -1 4 5 -5 -3
1 -1 -3 -5 0 -3 -2 4 -5 3 2 3 -4 -4 -5 4 -4 0 -2 4 -1 -4 0 -1 -5 4 -3 2 -3 2 5 2 5 3 4 -3 5 1 3 -3 4 -5 -3 3 1 -5 2 1 -4 3 2 -5 4 0 4 0 0 1 4 5 4 1 -5 -4 -5 -5 -3 5 -1 -2 4 -3 5 3 2 1 2 -5 -4 4 -4 5 1 -2 -4 3 5 -3 4 -5 -4 -5 -2 -4 1 -4 -1 4 -4 -5 1 2 -4 -5 0 -4 -2 1 5 4 2 -2 -5 -4 -2 -5 -4 -5 -3 5 0 -3 -3 1 -4 5 -3 -1 -2 0 3 5 -2 -3 4 3 1 5 1 1 4 1 -1 -1 1 -2 -2 -1 -3 2 0 5 -1 -4 -5 0 5 1 3 3 2 1 0 0 4 4 -4 3 3 -3 3 -3 -4 -4 4 -4 -4 -2 0 1 0
-5 0 -3 0 0 3 -4 5 2 -5 3 -3 5 -1 1 3 0 1 3 4 -2 2 2 -2 -2 -1 -4 4 1 -4 2 3 4 0 -4 5 5 -2 5 -4 0 1 0 -5 3 3 -3 5 -2 -5 2 -3 -2 1 -4 -2 4 -5 -1 0 0 -5 -2 -4 3 -1 -1 -2 2 1 4 -5 0 -2 -1 -4 -3 -4 2 1 3 -3 5 0 -2 -2 -5 1 0 -4 -4 -2 5 3 0 4 -3 -3 -5 1 4 -1 4 5 -1 3 2 -5 0 2 0 1 0 -3 3 0 2 -1 3 -5 -1 0 0 -4 2 2 2 1 -1 4 4 -4 1 1 -1 -5 4 -2 5 2 5 1 2 -4 -2 -1 -3 2 2 4 -5 -5 5 0 4 -1 -1 3 -5 5 -4 1 -5 -4 -1 -3 4 0 3 -5 0 -1 -3 5 1 -1 2 1 -4 3
0 4 1 -4 -5 -1 -2 0 -5 -4 0 4 0 2 0 1 -3 -1 5 -2 -4 -1 5 2 1 2 -4 -4 1 5 2 -1 5 5 1 3 0 -2 -5 1 3 -2 -1 1 0 -3 1 -2 2 4 -3 3 4 -4 3 -2 -1 2 2 3 2 2 1 -3 -5 2 2 -3 2 1 -5 -2 -4 -5 -2 3 -3 1 3 1 -1 -3 -1 1 -5 -1 0 5 1 3 2 -5 -3 5 0 4 3 -1 0 5 -3 4 0 2 5 2 -3 2 3 -2 0 0 -1 0 -5 4 -5 3 -1 -1 1 4 -5 1 5 1 1 3 -2 -2 -4 4 1 -4 2 1 -4 -2 -2 -3 3 -2 4 -1 0 5 0 -2 -2 -2 2 2 3 -2 1 1 1 -2 5 -2 5 4 -5 2 5 5 2 0 -4 -5 -1 5 5 3 -5 -3 -1 4 4
-4 4 -4 4 0 3 5 2 -2 2 -4 2 4 -1 3 2 2 3 -5 -4 4 1 1 1 -5 4 3 2 -1 2 2 -1 0 -3 -3 1 -4 2 -2 -3 3 3 5 1 -2 2 3 -2 -3 -2 -5 3 -4 -3 -3 0 -1 -5 -1 0 -5 5 3 -5 -5 0 3 -1 2 1 -2 -1 -3 -3 5 -2 4 3 3 -4 4 -5 2 -4 3 4 2 -3 2 -4 1 -5 1 5 4 4 -3 4 5 -5 -2 0 2 3 -1 -1 5 -4 1 -5 3 1 -5 3 1 3 -2 4 -2 1 -4 -3 4 1 2 4 -2 -3 3 -3 -5 3 -5 0 -1 5 -4 -1 5 0 -3 -4 0 5 -2 -3 -3 3 -3 3 -4 -3 5 4 -2 -2 0 2 5 2 1 -2 -1 -1 0 -5 -5 -2 -2 -2 -2 0 -3 2 1 -5 -5 -2
2 1 3 -5 5 -4 3 -3 -3 -4 1 1 -1 0 -4 4 3 -2 2 1 -1 1 4 2 3 -4 -3 -3 -2 3 -1 -3 4 0 -3 1 5 -1 -4 2 -4 -5 3 4 -5 -5 3 -3 -1 4 -2 5 -2 1 -2 1 -5 3 -2 -4 -5 -3 -3 -3 1 -4 -1 4 2 1 -1 1 3 5 -1 4 3 -1 -3 2 2 -3 5 -1 -1 4 3 -1 0 -4 5 -1 0 -2 -1 -2 -5 1 4 4 1 -2 5 0 -5 0 -2 1 -3 -4 5 -2 5 5 -1 -3 0 -5 -2 -2 0 2 4 1 5 3 3 -2 2 4 2 -4 1 0 3 -3 -1 3 2 5 2 1 -4 0 0 2 3 -3 0 1 3 3 0 -3 -4 -1 0 -1 -5 2 2 2 1 -1 5 0 4 -2 4 -3 5 0 -4 3 3 2 2
0 -1 4 -1 4 -4 4 -4 -2 -1 -4 3 -1 -1 -1 -5 -4 0 4 -2 4 3 -3 1 -3 -3 5 -1 -2 1 -4 -1 -3 -2 4 -3 2 2 -4 1 2 -5 -4 0 -2 -4 -5 3 -1 -2 2 1 3 2 2 5 4 -5 0 0 -1 5 -3 4 4 0 1 -5 1 3 0 0 -4 -4 -1 4 3 3 -1 2 0 1 2 0 -5 -5 3 5 -3 -2 -5 1 5 3 -4 2 -5 5 -5 1 2 -5 0 3 -4 -5 -2 -5 -5 -2 3 2 -1 2 -1 4 4 0 -4 -5 3 3 5 2 5 5 -1 0 4 5 0 -3 0 2 -5 5 -2 5 -2 -2 5 -4 -2 0 5 -4 -5 2 -5 2 -2 3 2 -2 -1 -4 -3 2 -3 -3 1 1 -5 4 3 5 -2 -4 1 -1 5 2 -5 -2 -5 1
-1 3 -5 0 1 1 -3 4 -3 2 -5 -3 5 5 5 -3 4 -5 -2 -4 -5 -5 4 4 -5 0 3 2 -5 5 -2 4 0 -4 -3 -1 1 -3 -3 -2 -5 -2 -1 2 5 5 -4 -3 0 -3 -3 0 0 1 4 -1 -3 2 2 3 3 -3 4 -4 5 1 -1 1 -3 1 -1 3 3 -3 4 3 1 1 2 2 1 -4 -2 2 -5 4 -5 -3 3 2 1 5 0 -4 2 -2 -2 -4 -1 2 -5 -5 5 -5 3 -2 5 -2 -5 0 1 -2 2 4 -3 -5 5 -2 -1 2 -4 -5 4 2 1 -1 -3 -2 0 -3 -1 5 3 -1 2 1 1 5 4 -1 -2 -3 0 -1 1 -5 -2 5 2 0 1 2 -4 -4 -1 2 -3 1 -5 -5 4 -3 4 -3 0 -2 -1 -3 1 -1 3 -2 4 -2 0
1 1 -2 -4 3 5 -3 4 -1 -5 5 0 -5 2 5 -3 5 -4 2 2 -5 -5 -2 4 -5 -2 -1 -2 5 1 0 4 -5 5 -2 2 3 -4 -2 5 5 -3 -1 -5 -4 -2 0 -5 -4 4 -4 4 2 -2 -5 2 2 -3 3 0 2 -4 5 2 3 0 2 -4 -3 -4 0 -4 -4 -2 1 -1 -2 -5 2 -5 0 -5 -2 -5 -3 1 -3 -2 4 -2 -5 2 3 -4 -3 0 -2 2 -3 3 5 2 2 4 5 1 0 2 5 -4 1 3 -2 2 3 -3 -5 -4 -5 1 -2 -5 2 5 1 -5 -5 3 5 -3 5 0 4 -1 1 4 -1 5 -3 3 -2 -4 -1 0 -5 3 1 -2 4 -3 1 -1 -1 0 3 -5 -2 -1 -2 2 -2 -4 -3 -1 1 -5 -4 5 2 -3 0 -5 3 1
3 5 -4 1 1 -1 0 1 -5 -3 3 4 -5 5 -5 -1 -5 -1 -4 -5 4 -2 3 2 -5 -4 4 2 -1 -3 2 4 -5 -2 -3 -5 4 1 -2 -4 -1 3 2 -4 5 -2 -1 3 3 3 -1 4 4 3 -4 -2 4 5 4 -5 -3 -3 -5 4 1 -4 0 1 5 -5 2 -3 -3 -5 2 -1 -5 -2 -1 -5 0 4 -3 0 2 3 -4 0 0 -4 1 1 1 -4 -4 2 -4 -4 1 1 1 -2 4 -1 0 3 -1 -2 4 -5 1 3 -1 -4 1 5 -1 -5 0 -3 -3 0 4 -3 -4 -1 2 -2 -2 -3 -1 -4 -4 -4 3 3 0 -1 -4 -3 2 -1 1 -2 -3 -2 -3 4 1 3 0 0 1 1 -3 -1 3 3 4 -2 -1 1 5 -5 -3 0 3 -4 -5 5 -4 3 -3
3 -1 4 -4 -5 -2 -5 -3 -3 5 2 1 1 5 -5 -3 4 -2 3 -3 -2 5 -1 3 -4 -2 -2 -2 -2 -4 -1 -3 1 -1 5 2 -1 0 5 0 2 -1 -3 -5 -1 3 4 5 5 3 -4 -3 -1 -3 5 -5 1 3 -1 -2 3 0 4 -2 2 -3 5 5 -5 -1 3 -3 -1 5 -1 1 4 -1 3 3 1 1 -3 -1 4 2 2 4 -1 3 4 5 5 4 -5 -3 4 3 3 1 -2 5 1 0 5 -1 2 2 4 -3 0 -4 5 3 5 4 2 5 -3 5 5 -2 2 3 3 3 -3 -5 1 -2 4 -5 2 3 -5 2 -1 1 5 -5 3 5 -5 5 -5 5 -5 5 -1 0 -2 -5 -4 -5 0 0 -5 1 2 -5 5 4 -2 3 -5 4 0 -4 3 -5 0 -2
1 2 0 4 0 0 -3 -2 3 1 -3 -2 3 -1 1 1 1 -2 -2 -4 -1 1 5 -1 -4 -4 -3 3 5 -3 0 -1 4 -4 5 1 5 1 0 -5 -1 1 -1 -3 -1 1 -2 -3 3 -5 4 5 -1 -4 4 5 0 -5 4 3 -2 1 -1 4 -2 2 1 1 -2 1 3 -5 -2 5 3 -3 2 -1 2 -1 -5 2 1 0 2 2 5 -2 -3 3 5 0 -1 2 -3 3 -4 1 -2 4 -2 1 -5 3 5 5 -5 -2 -2 -5 -2 2 1 3 1 -1 1 -4 4 1 4 2 -5 2 5 3 0 3 1 -3 3 5 4 -2 -3 -4 -4 1 -2 0 1 1 -2 -5 3 -3 2 -2 0 5 -3 4 5 0 -2 2 0 -2 2 -2 -5 5 -1 1 3 -4 2 -4 -1 4 -5
4 -4 5 -4 -2 -5 -1 -4 5 -1 0 -1 1 0 -4 -1 -5 4 -3 -4 -2 4 -1 0 0 -1 -5 -4 4 0 3 -2 -4 1 -1 -4 -1 -4 -3 1 -1 4 3 -1 1 2 -3 0 -5 -2 3 1 1 3 2 3 -2 -4 5 4 0 1 -5 -2 4 -3 1 4 -3 1 1 -4 2 -3 0 4 -4 -2 1 -1 1 2 -1 -1 -5 -1 -3 5 -2 2 3 -2 -5 4 -3 -4 -1 4 5 -1 -5 -4 2 2 4 1 5 2 2 0 5 -5 -3 4 4 -2 4 5 4 4 1 -2 4 1 2 1 2 -5 -5 4 -1 -4 -1 -5 1 0 5 3 0 2 -4 5 2 3 -4 3 2 -4 1 2 -4 -3 0 -3 3 5 3 5 1 -1 2 -2 4 2 2 2 2 3 3 -2
1 0 5 -3 -1 5 -3 0 0 -1 4 -4 3 3 1 -2 5 1 1 3 3 -4 3 -1 -4 1 -1 -2 -2 4 5 0 5 -2 -5 2 -1 -3 4 -5 4 1 1 3 4 1 1 2 -4 3 1 -1 3 5 -1 -3 5 5 3 -3 -4 1 4 5 -2 1 -4 -3 2 4 4 -4 -3 1 -2 2 3 2 -2 -5 0 5 -4 4 -4 5 2 -4 -3 1 -4 -1 -1 1 4 -1 -3 -4 -3 -4 3 3 1 2 -5 4 3 1 0 -1 -2 -2 1 2 5 5 -3 -2 -5 4 -4 0 -3 2 -4 1 5 -2 4 0 0 3 -4 -3 1 2 5 1 0 0 2 3 -5 0 1 0 -4 -1 1 3 -1 -4 1 4 -2 -1 0 3 4 4 5 -5 -1 1 -3 4 4 2 -4
3 -1 1 -5 1 -3 -4 1 0 -2 3 5 1 4 -4 4 1 -2 -3 5 0 3 3 -5 -2 -3 -3 0 0 0 -3 2 -2 -1 1 -1 -2 -4 0 2 -1 -4 -2 -4 4 -2 -5 0 -5 -5 1 4 1 2 -3 0 -2 -5 -1 2 -5 -5 3 2 1 -5 -3 3 4 4 5 -3 4 -1 1 0 5 1 5 2 -5 1 4 3 -3 -3 -3 5 -4 -2 5 -3 3 2 -2 -2 -1 -3 2 3 -2 5 -5 5 -4 4 5 0 -1 -4 5 2 -3 5 1 4 5 -3 -3 -4 4 -1 0 -4 -5 1 3 3 2 0 -3 4 -2 5 4 4 -2 -1 0 -2 1 -4 5 4 -4 2 2 1 2 0 -5 5 -4 -4 -4 4 1 2 1 4 4 4 -3 0 -4 1 0 1
0 3 2 5 -5 2 2 0 4 2 2 2 4 2 -5 -4 4 -5 5 -2 -3 -5 0 3 2 -2 3 5 -4 0 2 4 0 -5 2 -4 3 2 -3 -2 -2 -5 4 0 -5 4 -1 -5 -4 1 -2 0 -2 2 5 -4 1 1 -5 2 -4 -5 0 -1 -1 -5 3 1 -2 0 4 0 -1 1 -4 4 2 3 3 -1 -2 4 0 -3 -2 0 -4 3 1 0 -3 0 4 -2 5 -4 2 4 2 1 -3 -1 3 2 -1 -5 -3 -3 -5 5 2 4 -1 2 -1 4 4 -2 1 2 -3 -4 4 -2 2 0 5 3 5 -4 0 -5 1 -1 -1 -1 -4 -1 -3 -4 5 5 -3 0 -2 4 2 2 -2 4 -1 -2 3 1 2 -3 4 0 3 -5 -1 2 0 0 3 -2 -1
-5 -2 1 0 5 5 5 -5 -2 -3 1 5 -1 -2 -1 -4 -5 -3 1 0 0 2 -2 -1 2 0 -1 3 4 4 4 -2 0 -4 3 3 -2 -2 5 0 -2 -5 -1 3 4 0 1 -5 0 5 3 -5 0 -1 -1 1 2 -3 2 -3 -4 -3 5 5 3 0 -2 0 -1 3 -2 0 -2 -1 -1 -2 5 0 2 -1 -3 -3 4 5 -1 1 -1 0 4 2 -2 -4 3 5 4 5 4 3 -2 5 -5 3 -4 0 2 -5 -5 -2 -4 0 -1 -1 -1 4 -3 4 -3 -2 3 4 0 -1 4 1 -4 -3 0 0 -1 -4 4 -4 -3 5 -2 0 -1 4 -3 -1 -3 -4 5 0 -1 -4 -5 0 -2 -2 5 1 3 2 2 -5 3 -4 4 5 0 -4 -4 3 5 -5
1 4 -4 3 -1 -4 -5 0 -3 -2 -3 5 1 -4 1 -3 0 -2 5 2 -1 0 1 0 -3 5 4 5 -3 4 0 3 0 4 1 -3 -1 -3 3 -5 -4 5 -1 -3 -5 -1 -5 0 3 3 3 2 3 -4 -3 0 -3 5 4 -4 -2 5 3 0 2 -1 -3 -1 4 -1 -5 3 -3 0 -5 -5 -4 -2 3 3 -3 1 0 -3 0 -4 3 -3 3 -5 -3 -5 -1 4 3 4 4 -5 1 0 0 4 -5 0 0 3 -5 -2 -1 1 3 -5 4 1 5 2 1 3 -5 -4 -5 -5 -5 -4 -5 1 -2 3 4 5 -5 2 0 1 0 -5 -2 4 5 2 -3 -4 4 -2 5 -3 0 2 4 2 -2 -5 -4 4 3 -2 -3 1 -1 2 2 3 -3 -1 -2
-5 -2 2 3 3 -2 -1 -4 2 -2 -3 -5 5 -3 3 -3 -2 0 -1 2 1 -3 -3 0 -1 2 4 5 2 2 -4 0 1 3 -4 -1 -5 0 3 -5 -3 -3 -5 3 0 4 3 5 0 1 3 1 -3 5 -1 -4 2 0 -5 -4 -2 -1 -3 4 4 -5 -4 -4 4 -2 0 -5 1 0 -3 1 -3 -3 -2 -2 -5 -1 -5 -2 5 0 -4 -3 -2 5 -2 -2 -2 4 0 -1 3 2 0 2 0 1 -5 3 -3 4 1 -4 -1 4 2 4 -5 -5 5 3 -4 2 -2 2 2 -3 -4 4 -2 -4 4 -4 -2 3 -3 -4 0 -5 -4 -2 -4 -4 1 -3 -5 -1 -4 4 2 0 -2 -1 -1 -3 -5 -5 -1 5 -5 5 -4 5 2 4 -5 -2 0 1
4 3 -1 -5 -4 4 -4 3 -4 5 5 1 -2 1 -4 -3 0 -5 4 -1 5 2 2 1 1 5 -2 -5 2 1 1 -1 1 -3 -5 -2 4 3 -1 -2 4 2 5 4 5 -2 -4 -1 5 1 -3 2 5 -3 4 1 1 -3 1 -4 3 -5 -1 -3 4 -5 -2 -5 2 -1 2 5 0 -2 -4 1 5 -4 -4 4 0 0 -5 -4 2 2 4 2 -2 -2 2 0 4 5 5 3 3 -3 -3 1 2 4 -1 5 5 2 3 1 -3 1 -3 -1 5 -3 4 -1 -3 -3 -1 -2 -1 -4 -5 3 1 0 -5 -1 -4 1 2 2 -5 -2 2 5 3 -2 1 3 -5 -4 5 -2 -5 5 1 -2 -3 0 -3 2 4 -4 3 -5 -1 4 2 -3 5 -3 -4
0 -1 2 -5 -5 3 -4 -3 -3 2 -5 -3 -3 -3 -2 4 -1 5 2 -4 0 -1 4 -4 -1 1 0 3 -1 2 2 -5 -4 -1 -5 -4 -2 0 5 -3 5 -3 0 4 -4 -5 3 -1 -4 3 1 -1 0 2 5 5 -1 -2 -4 4 -4 0 -4 -2 5 -4 -5 -1 -5 -2 3 -3 -3 3 5 3 -4 3 3 -3 -2 -2 2 2 -3 -1 5 -4 4 1 0 5 -3 2 3 -5 1 1 4 -5 4 2 -1 -5 -1 -2 1 -3 5 -1 -5 0 5 2 -5 3 -4 0 2 1 -5 -1 0 -2 -1 4 1 -1 4 4 3 -3 -1 -4 -2 5 2 2 1 -1 -3 0 -3 3 0 0 5 3 -4 4 1 -2 -5 1 5 5 2 3 -4 -4 2 4
5 0 -2 -4 -5 -5 -3 5 -4 1 -1 -1 -2 -3 4 3 -5 0 -4 -4 1 5 -3 -4 -1 4 -3 4 -2 -3 -1 -4 4 2 0 3 1 5 -2 4 3 1 1 -1 0 -4 -5 -2 3 5 0 1 -2 2 -5 1 5 -3 -1 -2 -5 -5 3 -5 4 -3 3 4 -2 -4 -1 0 -1 -3 -1 5 3 -3 1 1 4 4 -2 0 5 -3 2 0 3 2 -3 2 -3 4 0 -1 -4 1 4 4 -3 -5 -5 4 3 -4 -2 -3 -2 -4 -5 -3 4 -3 -3 -3 3 -4 0 -5 -4 -4 1 -1 -5 5 -5 -3 5 0 -2 4 -1 -1 5 2 -1 -2 -2 1 -3 3 -5 1 0 -4 3 -5 0 3 -2 -1 5 1 -5 1 -1 4 -5 2 2
1 2 2 2 -1 -5 3 4 -1 -4 -2 0 -3 5 -2 -1 5 -2 1 1 1 -1 -5 5 2 3 0 5 4 -4 5 2 -5 1 -5 4 3 2 1 5 -3 5 0 1 -4 2 -1 3 -4 2 4 -1 -1 -5 5 5 1 -4 3 -4 2 -4 2 -1 4 4 5 1 3 4 -1 1 -5 -5 -4 -1 -4 3 -3 2 -5 0 -3 -4 1 -2 4 -5 -2 0 -3 5 5 0 0 5 4 -1 -2 -1 2 0 2 -4 -5 -4 -4 -2 3 -1 5 -2 3 -5 0 5 2 2 -3 0 2 3 0 -1 -3 0 -5 -4 0 4 -3 -5 -3 -3 -2 -4 -5 1 2 0 -1 5 0 -3 2 -4 0 -5 -5 -1 5 0 -4 -2 4 4 2 0 5 2
1 4 -3 4 0 -3 -4 -1 3 2 -1 5 -2 -1 5 0 -4 4 0 0 -1 -5 0 -5 0 1 -4 1 3 -2 3 -5 5 0 1 -4 -3 -4 -2 -5 -5 4 3 -3 -3 -5 -5 -1 -1 1 5 -2 5 -2 1 0 -4 -2 -5 2 -1 1 -3 2 4 2 -3 1 -4 4 -3 4 4 0 3 5 1 0 -1 0 3 0 -3 -2 -1 2 4 -2 3 2 5 -4 -5 4 4 -4 4 4 1 2 1 0 -4 -1 0 -2 -3 -1 -4 3 0 1 4 -1 4 3 2 1 3 -3 5 -4 2 -5 -2 -3 -2 5 5 2 0 1 4 -2 -4 2 -4 -1 -4 -3 5 0 -5 3 0 -1 0 -5 0 2 5 0 5 5 2 -4 4 -5 2
-3 -5 -2 0 2 4 -2 0 3 -3 3 -5 0 2 -5 4 -3 -4 -3 4 -3 -2 4 -1 5 -3 -4 2 4 0 2 -2 5 0 3 -5 -5 -2 3 -5 -1 1 3 0 5 1 5 -2 -4 4 -1 5 -2 -1 -2 -3 -1 1 4 -5 1 5 4 -3 -2 -2 0 -3 -3 0 -1 5 4 4 -1 2 0 2 -3 -1 -1 -5 2 -2 -2 4 -3 -5 -2 3 -4 0 -3 5 5 3 2 3 1 0 2 5 3 3 1 -3 -2 4 -1 -2 -1 -4 0 0 -3 5 3 -2 -4 -3 2 -3 -1 -2 2 5 2 -5 2 -3 -4 -1 -5 -3 -4 1 -1 4 0 4 4 -1 -3 -5 -3 5 -4 -3 -3 2 5 -4 3 1 4 3 4 0
3 -5 -3 1 -5 3 3 0 5 3 -4 2 -2 1 -3 5 1 3 5 -4 5 2 -4 1 0 -5 -4 0 -3 1 3 -3 -1 -4 1 -3 0 0 -4 -4 -4 3 -1 -4 0 -2 -1 -2 -3 0 3 4 -4 -2 2 -4 -3 4 5 -5 0 1 0 2 -5 3 -1 -3 1 4 3 -5 -2 5 5 -4 -1 -3 -1 1 1 3 2 4 1 -4 -4 -2 3 4 -5 -4 0 3 3 -3 2 -3 -2 -3 1 5 5 5 2 3 -3 3 2 5 -4 3 3 -5 1 5 -5 -2 -2 5 -3 1 -1 -3 -1 4 2 3 5 4 -4 0 -1 1 0 4 2 -4 1 -2 -2 2 5 0 -2 0 2 2 1 5 -1 1 5 -1 -3 4 -3
-4 -2 -1 2 -1 2 5 3 -2 -5 -1 4 -4 -3 -5 4 -3 4 -3 -2 -3 5 -3 1 -4 -2 2 -4 1 0 -1 -2 5 1 -3 -5 -2 3 2 4 3 2 -4 3 4 5 5 4 3 4 1 -5 4 -5 1 -5 2 -5 5 -3 0 5 5 -3 4 -3 4 -2 2 3 2 5 -4 4 1 3 1 4 -2 1 -3 -5 -1 5 5 2 1 0 5 -4 -4 3 5 -4 2 -1 -2 4 -2 -5 0 -2 2 5 -5 1 5 -1 4 -2 2 -4 -4 2 -1 -1 -1 2 4 1 -2 -1 -3 3 -3 -4 0 -2 -4 0 -3 -2 1 -5 1 1 1 -5 0 5 -2 2 5 3 -1 -3 0 -3 4 5 -3 1 -2 2 2 3
3 4 1 2 -4 -5 2 0 1 1 0 1 5 3 -2 5 2 -5 3 -1 1 -3 -5 -2 -5 0 4 -1 -4 5 5 1 1 -5 -3 -2 -3 2 5 2 2 4 2 2 -5 4 -3 -5 -2 -2 4 4 4 4 4 4 -4 -2 5 -5 -3 -1 -5 1 -3 -1 1 1 -3 -4 3 0 4 -1 -5 0 3 3 -1 -2 1 2 4 5 -1 0 0 -3 2 5 2 1 -3 5 1 1 3 5 3 -2 -5 3 -1 4 2 1 2 -5 -1 4 1 -1 -2 0 -1 3 -2 -1 1 1 -3 2 -5 0 1 0 3 -2 1 3 -2 -2 1 2 3 -5 0 4 3 5 4 -1 -2 4 -4 5 3 -5 -1 -5 5 -2 5 2 -2
2 4 -2 0 -3 -5 5 4 -1 -2 2 0 5 5 -1 -2 -2 -4 -5 3 2 -5 -1 3 1 -3 -1 -2 4 5 -2 -4 -4 -4 0 5 -1 -1 3 0 -1 5 -2 5 -1 5 -2 3 2 2 5 5 0 4 4 0 -2 -3 1 -3 -3 0 1 -2 -3 -1 -1 0 -1 -2 -1 -3 4 2 -2 0 5 4 -1 1 -5 2 2 2 -1 2 -3 4 0 -1 -1 3 -2 2 -1 -3 5 2 2 3 -1 -3 -3 -4 5 1 2 -3 -2 1 -1 1 1 3 0 2 -4 2 -1 -4 -2 0 2 1 0 -4 4 -2 -2 -2 2 4 4 -5 3 5 -5 -2 3 -4 3 -5 -3 -1 0 -4 5 0 -5 4 -5 -1 5 0
-3 -5 5 -4 -4 -1 1 -5 4 1 -5 5 -4 2 5 -2 5 -2 -4 2 5 -5 1 -3 2 2 -1 -4 2 -3 2 5 -5 4 1 2 3 4 -4 3 -3 2 1 -4 -5 5 1 2 4 0 5 0 -2 4 5 4 1 -3 -2 3 -5 3 3 3 -2 5 -5 -1 -4 4 3 3 -5 4 0 5 -4 -1 -4 -4 3 5 0 3 -4 5 -5 -1 -2 1 -3 3 5 0 -1 5 2 -4 3 4 2 5 2 5 5 -5 1 -4 3 -2 3 2 -5 0 3 4 -4 -1 -3 -1 -5 -1 4 -2 -5 5 -1 2 -5 -5 4 -3 2 3 -1 -5 0 -2 -5 0 -1 3 -4 2 4 -1 -2 5 -5 1 -1 5 -5
-4 4 3 4 -3 -3 -5 -1 5 -5 2 -5 -5 5 -1 2 4 0 1 -2 -2 -2 5 -3 -1 -3 0 -5 -4 -4 0 4 5 -3 3 -4 2 -3 -4 -1 3 2 2 1 5 3 -5 -3 -3 2 5 1 -5 0 3 4 2 1 -1 0 3 3 -1 -4 -2 -2 4 -5 0 4 -3 1 3 4 3 -1 1 1 -1 -5 -2 -4 4 2 2 3 4 0 4 -5 -1 2 0 -2 4 -1 1 -3 -3 4 1 -1 -2 1 3 2 1 -1 -4 2 2 1 -2 -4 4 -4 2 -3 3 1 -3 2 4 2 5 -1 -4 4 1 0 -2 -5 2 3 -5 -1 1 -2 2 -3 -1 -3 -5 0 5 -3 -4 1 -2 4 3 -5
0 2 4 -2 -5 -5 -4 3 1 3 0 1 -1 5 -1 0 -3 -3 -5 -1 -5 1 -1 -4 2 -2 3 0 0 1 4 -3 4 -5 0 -2 3 5 1 -1 5 -1 4 1 -2 -2 -1 -4 -4 5 3 -1 4 -5 5 -3 -1 0 -4 -1 4 -2 -3 -3 0 5 -4 -3 0 -3 2 -1 -3 -3 5 0 -3 2 0 3 2 5 -4 0 -5 2 -5 -3 3 -2 0 -2 1 -3 4 -1 0 3 -4 -5 0 -3 3 -5 1 2 5 -2 -4 1 -4 0 -3 0 -4 -2 -3 -5 -2 -4 3 2 -3 2 5 -4 -4 5 1 1 -5 5 -5 2 1 1 1 1 2 -5 4 -5 -3 -1 -1 -4 -2 0 -5 4 -1
1 -3 -2 -4 -2 4 5 3 4 4 -4 -3 1 -3 1 -1 2 -4 -5 5 -3 -3 -1 -3 -2 5 4 -4 -3 2 0 0 -4 2 1 0 -5 4 2 -4 -4 -1 -1 -2 -2 0 1 -3 3 -5 5 5 -3 0 2 -4 -5 -3 -1 -4 2 -5 -5 -1 1 1 -2 0 -5 2 -2 3 1 4 2 3 2 -5 2 -1 -2 -4 -3 1 0 -3 3 3 -5 -3 1 5 -3 4 -3 3 -3 3 -2 -2 4 -1 -4 -1 5 0 4 2 -1 3 4 5 5 4 0 5 -2 1 5 -2 -2 -5 -3 -3 4 0 -2 3 3 3 0 -1 0 -5 2 -3 4 -3 3 0 3 -4 0 -3 -3 -5 -5 3 5 -5
-5 -4 3 -4 -5 -2 2 -4 4 -1 5 3 -2 1 -5 1 5 2 1 -1 -1 -1 -4 -3 -4 -3 -3 -3 3 -1 -5 -1 5 2 -1 1 -4 3 -5 1 0 0 4 -5 -4 2 -2 -4 4 0 2 0 -5 -4 3 -1 -4 -5 3 1 2 -1 1 1 2 -2 4 -4 0 3 4 -1 -3 4 0 -1 -3 -1 -4 4 5 3 -3 0 5 1 3 0 5 2 3 -1 -5 -5 -1 2 -4 5 -3 -5 5 2 5 -2 1 -4 -2 -1 1 2 0 4 4 0 0 5 -1 1 2 5 -1 1 -4 -3 0 3 -3 2 0 2 -1 5 -3 1 5 2 0 -3 -5 -5 1 4 -2 -1 -5 0 -4 2 -3
1 -2 4 2 5 -3 0 3 -2 -4 -5 -4 2 -2 -3 0 0 5 2 4 5 3 3 3 4 3 4 5 0 4 5 -1 4 0 -4 0 -4 4 3 4 3 4 -3 -5 -5 2 2 1 0 -4 -5 0 -2 -2 -5 4 3 -1 -3 1 -3 -2 2 -5 -2 2 -5 -1 -1 -1 3 5 -4 3 -1 -1 4 0 -4 3 5 -4 5 -1 5 3 1 0 -1 3 -3 5 1 5 5 -1 -3 5 5 -2 4 0 1 0 -4 2 0 5 -3 -5 3 1 -1 4 -2 5 -3 5 1 -3 4 4 -2 -1 -5 4 3 0 -3 0 -4 2 3 -2 -5 -5 5 5 -4 5 0 4 1 3 3 4 2 1
0 3 5 -5 -2 -3 -5 3 3 0 -1 0 5 2 0 -2 -3 4 1 -5 5 4 5 3 3 0 -3 5 0 -3 -4 -3 3 2 1 -1 3 -4 4 -2 2 0 2 -3 5 -1 -3 4 0 0 0 -5 -1 0 -2 0 -5 4 -2 2 5 1 3 1 4 -1 -4 4 -1 5 3 5 3 -1 -2 1 5 2 -5 -2 4 -3 1 0 1 -1 3 -5 -3 3 -4 -3 2 -3 4 -5 3 1 5 1 -3 -5 -1 5 3 3 -2 -2 1 -5 1 3 0 -2 -3 -2 3 -3 -3 5 3 5 0 3 4 -3 -4 -5 4 2 4 -2 -2 -3 1 5 4 -1 -5 5 -4 5 3 -2 3 0 2
5 -5 2 5 -5 3 -2 4 5 -3 -3 -3 3 -2 1 2 -3 3 0 4 4 0 -3 -2 4 3 -1 4 3 5 -4 -2 -2 2 1 -5 3 1 1 -4 -3 3 3 2 1 -2 5 -1 4 -4 0 4 -2 1 -1 0 -4 0 1 -3 5 -5 -5 3 -2 1 -1 1 -4 -5 4 -2 0 -5 3 -3 3 3 1 5 -1 -2 3 -1 4 0 -2 -2 -4 5 -1 0 -5 1 3 -2 -4 -2 1 1 -5 2 -4 4 -1 2 5 4 5 -5 -4 -3 4 1 1 -2 -2 -2 3 0 1 -5 -4 4 0 5 2 -3 4 1 2 4 1 4 0 0 3 -4 2 -4 5 2 3 -2 -5 3
4 0 -5 -5 -5 2 -2 2 1 -1 1 2 3 5 3 -2 1 -1 4 -4 2 -2 -2 -1 -3 -1 -5 -4 5 -4 4 2 5 -4 0 -4 0 1 4 0 1 5 -4 -4 -1 5 -2 -5 5 -1 -4 -3 2 -2 -5 -2 -3 4 4 -4 2 0 0 5 -4 -1 2 5 3 1 -5 0 2 2 5 0 -5 2 -3 -5 -1 0 5 4 2 -2 -3 2 1 4 -5 -4 2 3 1 -4 -5 1 -2 -3 -4 4 3 2 2 -2 -3 -3 1 5 -5 3 -3 5 -2 -1 3 2 -4 2 5 -5 -1 -1 3 1 -1 3 5 2 1 -4 1 3 -3 4 5 4 -2 5 -3 -5 -5 2 4
0 -5 2 -3 4 -2 5 -2 5 -3 1 -3 4 -4 5 -1 0 -1 -5 -1 2 -4 -5 -5 -5 5 -4 -4 1 -5 5 1 -2 5 0 2 -4 0 0 3 4 4 -4 -2 4 5 0 -3 2 -5 4 0 -2 3 -2 3 4 4 -5 2 -3 3 -1 -5 4 -5 -5 -4 -1 -2 4 4 3 3 -5 -2 5 -1 -5 4 -4 -5 1 3 1 -3 5 -3 -3 4 4 -4 5 -2 -4 -5 5 -5 -5 -3 1 0 0 2 3 5 1 5 -4 -4 5 -2 3 -5 -2 3 3 3 2 3 0 -3 -1 1 -3 -1 -1 4 -4 -5 -4 -3 -3 -1 1 2 -3 3 1 0 3 -5 -2 1
3 0 -3 -1 -4 -4 -5 0 -1 -3 1 4 -5 5 2 -1 -4 1 -4 5 -5 5 4 -3 -3 4 3 0 -5 -5 1 4 -5 0 0 0 -5 2 -1 0 2 -1 5 0 -4 5 -4 -5 -3 0 5 -1 1 4 -4 4 -2 3 4 2 5 -2 -4 2 5 -3 -2 5 0 0 0 -3 0 -3 1 -3 2 3 1 4 3 -3 3 4 5 -3 4 3 3 4 4 -1 -3 4 -2 -2 5 -3 4 -3 4 -2 -4 -1 4 0 -3 2 -5 1 4 -5 2 1 -1 1 2 3 2 4 -5 -5 2 2 -4 -1 2 -4 5 3 -5 1 -5 1 4 3 2 0 -3 -4 -1 1 5
3 2 -1 4 1 4 -5 -4 -2 0 -2 2 4 -3 -2 1 -4 -4 2 4 -3 3 -3 -2 -4 2 2 1 3 0 4 -3 5 3 5 -5 -4 -3 5 4 -2 3 1 -5 5 0 -4 -4 -4 -1 -2 -3 1 0 -4 5 -2 -1 -4 1 4 -1 0 -1 4 5 3 -3 -3 1 -5 1 2 5 -5 2 4 -5 2 -2 1 0 2 -5 1 0 5 -4 -2 -2 -5 -4 -2 -4 4 -3 -5 1 3 1 3 0 -3 -4 -2 3 4 3 5 -2 5 -1 3 4 1 5 -5 0 4 -2 -2 -2 2 -3 5 3 3 -4 0 -1 -2 -5 4 3 3 5 1 -5 0 5 1 -5
2 -2 0 0 -2 4 -1 -3 -1 -5 0 -3 -1 0 2 -2 -3 5 4 3 5 -4 4 3 4 -1 -3 5 -5 2 -3 3 4 4 5 0 -3 -1 4 -1 -1 5 -3 3 -5 5 -3 4 -5 3 5 -4 -3 -1 -2 0 -3 -5 -5 3 3 5 0 -5 0 4 -3 0 3 -2 5 1 -5 5 -3 -3 5 -2 -2 1 4 -5 5 2 5 2 -4 0 2 -1 4 -5 -4 -3 -3 3 2 2 2 2 -3 1 -2 -5 -5 1 3 0 -2 2 -2 1 1 1 0 3 3 -1 -5 0 -4 -4 0 -4 -1 -2 -3 -1 -5 3 -2 0 4 5 -5 2 2 -1 1 3 2
-4 1 0 1 5 4 -4 5 3 5 3 1 -3 -4 4 -2 0 2 -1 5 4 5 -3 -5 -2 -2 -1 -5 0 -5 2 2 0 -1 4 -4 -2 0 -4 -4 -2 5 0 -2 -3 1 4 -3 1 0 -2 5 2 -5 -1 -2 2 2 2 1 4 4 1 -3 5 4 -4 -4 -3 4 -2 -4 5 -3 -5 -1 4 3 -3 4 1 2 3 -4 -3 5 -3 -4 -2 4 -4 4 4 4 -5 3 -5 2 2 1 2 -2 -4 1 -1 1 -5 3 -1 4 -4 -3 1 5 -3 0 3 0 3 4 2 3 3 -4 3 3 4 4 0 3 -3 4 -5 -4 -2 3 3 -1 1 -4
-5 5 -3 -5 1 4 -5 -4 0 -5 2 1 -2 -4 -3 2 1 -5 4 -3 1 -4 1 5 -1 -4 2 -1 -4 1 -2 3 -5 -2 -5 1 3 3 -3 -2 5 3 -2 5 1 0 5 -3 -1 4 -5 5 -3 4 -2 2 2 1 5 -1 3 -3 2 1 0 3 3 3 1 -5 4 4 1 -1 5 -2 -2 5 0 -4 -4 -1 -2 -5 4 5 -1 1 -3 -4 -4 -4 4 -1 -3 3 1 5 4 -2 1 -1 0 -5 2 1 -5 -5 -1 -5 -3 2 -2 1 0 4 -2 5 5 5 0 4 -4 -5 0 3 -3 5 -2 -3 1 4 -3 3 5 2 3 5 -1
-4 0 -3 -4 -2 -1 4 -1 -2 -4 -5 -4 1 4 -4 5 -2 -2 -1 -1 -4 -5 -4 3 -1 4 -4 1 0 3 -4 -2 -5 2 4 -3 -3 -2 4 2 5 -2 -4 -5 -2 -2 0 4 -2 0 2 -1 3 -1 -1 -3 2 -2 -2 5 -3 3 2 -2 -1 -2 4 3 3 4 1 2 -4 2 -3 -3 2 -1 -2 1 2 1 1 -1 5 -1 -4 -3 -1 0 -5 4 5 -1 4 3 2 5 -1 3 2 0 -3 1 -5 2 -1 0 -1 2 2 -5 0 -1 -5 1 -2 -4 -5 1 1 4 4 3 -4 4 -1 2 0 3 1 -5 2 4 2 -1 -3 -1
0 -2 4 0 1 -5 -4 -5 0 -3 2 -5 1 -3 -2 2 -2 2 1 5 2 -4 2 1 -3 -3 0 3 2 -1 -5 4 0 1 3 -5 2 -3 4 5 5 5 -1 -4 5 -1 4 0 3 -4 5 3 -1 0 3 3 5 -2 -3 3 1 2 -3 -3 1 -2 0 -1 4 3 4 1 -5 -4 -4 5 -4 -3 0 -1 4 -4 5 -1 -5 2 -3 -3 -1 -5 4 -2 2 0 -1 -2 -5 1 -2 4 4 -2 4 -1 1 -2 -5 -3 2 0 -3 5 1 4 1 4 3 2 -1 1 3 -3 -2 0 -2 -3 5 3 5 -5 5 -2 1 5 0 5 -4
1 1 -4 -2 3 -5 5 3 2 0 4 1 -3 1 -1 4 1 3 -4 -2 2 -2 -2 -5 5 0 -2 -3 -1 3 -4 -5 -3 0 -5 4 5 -3 1 1 4 4 0 3 -2 -1 3 4 1 2 5 -5 4 -1 5 3 2 3 5 0 2 1 -2 5 2 -3 5 -3 -2 1 -1 2 -4 2 -4 2 3 1 -4 -2 -2 2 3 -2 -2 -3 -3 -2 -2 1 -5 0 4 -5 -1 0 3 5 4 2 0 0 -4 -1 3 4 -5 4 -3 -5 -5 -4 -3 1 -1 0 -1 5 1 1 3 1 -3 -5 -3 1 -1 3 2 -1 5 0 -2 -5 0 5
1 -1 3 5 -3 0 3 4 -1 5 -4 2 -3 2 2 2 -4 0 2 -2 2 -2 0 -2 3 4 -5 1 0 1 -4 1 4 1 4 2 0 0 -1 -4 -3 -3 -1 3 0 -4 -3 4 -3 3 -4 3 -5 4 -2 1 -5 5 -5 0 -2 0 1 -5 -5 0 0 0 5 2 -5 -2 1 -5 4 5 1 -2 -3 -4 5 4 0 -4 1 -5 -3 -5 -5 -1 5 -4 2 -5 -5 4 -1 -3 4 5 -3 -2 0 0 -5 0 -5 0 -3 -2 -2 -4 -3 -3 1 -3 -2 -1 3 -4 4 -5 -4 -1 -1 2 -1 -3 -1 1 -4 5 2 2 5
3 -3 3 -2 -1 -3 2 5 0 5 5 1 -3 -3 -5 1 0 4 -4 -1 2 1 4 -1 3 -2 1 -3 1 3 -5 2 -5 0 4 -3 4 -4 5 5 5 4 2 -1 3 2 -3 -4 3 -4 -4 -2 2 -1 -2 -2 -1 3 -4 2 3 -1 -1 0 5 1 3 3 -3 -4 5 -5 4 3 1 -2 1 0 1 5 3 -3 -3 3 1 4 -5 1 1 -5 1 4 3 3 -5 5 -3 -4 -2 4 5 -5 -5 -2 -5 0 4 4 5 -3 -5 1 0 -5 4 -3 3 -2 -3 -3 5 4 0 0 -2 -2 -4 5 -2 -3 -2 0 5 5
2 5 -4 -1 0 -1 1 -1 -4 -1 4 0 2 3 -4 3 -4 0 5 0 0 2 -4 2 -5 -5 -4 1 1 -4 -1 2 -4 -1 5 -1 -1 0 5 1 -5 0 2 2 -3 4 -1 -3 0 -4 4 1 -4 -5 2 2 -1 -1 1 5 4 0 0 -1 1 -1 -4 1 0 4 -4 2 -1 -4 1 1 -5 -1 5 0 5 0 -2 -2 1 3 1 -3 0 -5 -5 -1 -3 2 -1 3 2 -2 -3 5 4 5 -5 -3 -5 -5 3 -4 0 1 5 0 -4 2 -5 -4 0 -4 -2 5 1 1 -2 -1 -3 5 4 -5 4 -2 0 2 -3
-4 -1 4 -4 2 1 -4 -2 2 2 2 4 3 -3 -2 -5 4 5 4 2 1 4 -4 4 5 -5 0 4 1 -5 1 4 -4 -5 2 0 3 5 -5 2 -2 0 -3 0 3 -4 -4 3 -1 3 3 5 4 -3 -2 -5 1 3 -4 -4 0 -3 -5 3 -2 5 -3 2 -2 -4 -1 1 -3 2 4 3 -4 5 5 -3 -4 4 -3 2 4 2 3 5 4 1 4 -2 2 1 1 2 -3 -3 1 -1 -1 4 0 -2 4 5 -5 0 -4 -3 4 4 -4 -4 -4 0 0 -4 2 -5 4 0 -3 -5 -1 3 -3 5 -5 4 3 -4
-2 3 4 -4 1 0 -4 3 -5 5 -2 -3 -3 -4 -3 0 -2 0 5 -4 2 4 -5 2 0 0 -4 5 3 4 2 5 5 -5 5 -4 -1 5 -4 -1 1 3 -4 2 4 -3 2 2 -3 -2 -4 5 -2 5 5 -5 -3 2 2 -3 4 -1 3 4 -1 -3 5 2 5 -1 -2 -1 -2 -5 -2 3 0 -5 3 3 5 2 -5 1 2 1 1 2 -1 -4 -1 4 2 2 1 4 -3 4 2 -5 -3 5 5 -4 4 0 0 3 -4 4 -5 0 3 -3 5 4 4 -3 -2 -1 2 3 1 -2 -3 -4 2 -4 -4 4 5
-3 1 2 4 -2 5 0 3 5 -3 5 2 -1 -5 -2 2 4 0 4 -2 2 3 5 2 -2 -1 5 5 -2 4 3 -4 0 -5 -4 0 5 4 1 -1 3 -4 5 0 4 -5 5 -3 -5 4 0 3 -1 -5 -1 1 3 3 2 1 -2 -3 1 5 -4 1 4 -2 -4 -2 5 5 4 -3 5 -4 0 3 -5 -1 -1 4 -5 -1 3 3 -1 4 -5 1 3 -3 -2 2 2 4 2 2 4 4 -3 0 2 1 -3 -1 -1 5 3 1 0 1 1 -4 -5 -3 1 -3 -4 -1 4 3 3 0 -4 1 -5 5 3 -1
-3 3 -3 -5 -3 -5 0 5 -3 0 3 -3 0 2 -4 -5 2 -4 -4 0 0 4 4 1 0 5 1 -3 -2 3 4 -1 5 -5 -5 0 -3 -1 -5 -3 2 -3 2 1 -1 -4 -2 -5 -1 4 1 -5 4 -2 0 2 0 5 0 0 3 2 -2 -3 2 5 -5 4 5 -1 5 -3 1 -3 -2 -1 4 0 -5 -4 -4 3 -3 -1 -3 -5 0 1 5 -2 1 -1 0 3 -2 5 1 -1 2 5 0 -2 -3 2 -2 4 0 0 -4 0 5 -1 -3 -5 4 -3 3 2 5 5 5 -2 -2 -2 2 -3 3 3 -4
-4 1 4 -2 2 1 3 -3 0 -1 0 5 -1 0 2 -3 4 0 2 3 5 3 0 -2 0 3 -1 -2 3 -3 0 5 -3 -5 3 1 3 3 -3 -4 -4 5 1 4 5 -1 5 -5 -5 -1 -5 5 -5 5 -2 -4 0 -2 5 -1 2 5 0 -2 -1 2 5 5 1 5 -5 1 1 -3 -4 -3 3 -5 -5 2 -3 -2 5 -3 5 -5 -5 2 -3 2 -1 -4 -3 2 0 2 5 0 -1 5 5 0 4 -4 1 5 -4 -5 0 -2 2 4 0 3 1 -2 -4 -2 1 5 -2 3 3 -1 -5 1 2 4
2 0 4 3 5 -1 -3 -5 2 5 4 5 2 0 1 -1 -1 5 5 4 -3 4 5 -5 1 4 1 -2 -2 4 4 -4 -1 -3 1 -1 4 0 2 -1 0 -4 -2 1 3 -5 5 2 4 1 -4 -4 2 4 -2 -3 -5 -4 -4 -3 1 5 -3 -2 -2 -5 -4 0 0 2 0 -4 -5 -5 3 4 0 -2 -2 -2 -3 2 -5 1 -2 4 -2 4 4 4 2 0 4 2 0 2 -3 5 0 0 4 3 3 0 3 -4 0 5 -1 3 -2 4 -5 4 -4 4 -3 3 5 -1 -3 -1 4 -4 -4 5 2
-3 1 4 -3 -3 -1 3 3 -4 -3 2 2 1 3 1 -2 -3 -5 2 -5 -3 5 0 -1 2 -3 -3 1 -5 2 -4 -4 -3 -2 2 -1 1 -2 -5 2 2 1 2 2 1 -4 0 2 -3 -5 -3 4 5 1 -5 -4 -4 -5 2 1 0 -3 -3 1 4 -2 1 -3 0 2 -3 1 2 3 4 2 1 5 5 -2 -2 2 4 -2 -4 -5 1 -5 1 0 4 0 -5 2 0 -5 3 0 3 -3 5 5 -2 -3 5 -2 3 -5 -3 -3 3 1 -1 4 0 4 -4 0 0 4 -5 -4 4 -4 1 -1
5 1 -4 -1 2 3 4 -5 4 4 2 -4 -3 1 -2 1 -4 0 0 2 -5 -1 1 4 -5 4 1 3 5 -4 -2 -4 -3 2 -2 -3 3 3 1 1 -2 5 0 2 -1 2 2 2 -2 -2 -1 2 1 -2 0 -5 3 1 -3 -3 -2 3 5 -1 3 2 0 -5 1 5 -4 -3 3 2 5 2 -5 4 1 -5 4 0 0 4 5 5 -2 -3 3 -2 2 3 3 5 -5 2 5 4 -1 -2 0 -4 4 5 -4 5 0 3 2 -2 4 5 5 1 0 1 0 5 2 2 2 2 4 5 -1
1 -5 5 -5 5 4 5 -1 -4 -2 3 4 -5 5 5 4 -1 5 0 -3 -4 -2 3 0 0 -5 0 0 2 5 0 -1 4 0 5 -3 1 -4 5 4 1 5 2 1 -4 -1 5 -4 -5 -4 -3 -5 5 5 2 -1 -5 -5 -3 -5 -4 3 -5 -5 1 -1 2 3 3 3 -2 5 -3 -3 0 -5 -1 2 -4 -2 -2 3 4 5 -2 1 3 1 0 0 -5 -1 3 3 0 2 5 1 4 -3 -5 -3 1 1 -1 3 1 -4 -3 4 -4 -5 -4 -1 -2 -3 -2 1 2 -3 -5 -4 2 -5
-2 -2 -3 -1 -5 0 2 0 1 0 4 5 -2 0 4 3 -3 4 1 -3 0 -4 1 5 4 -4 -1 -4 -2 0 2 -3 -5 2 1 1 -1 5 3 3 0 -1 0 -3 -5 1 -5 2 4 0 4 2 4 1 3 3 -5 3 -2 -2 3 -3 -1 -3 -5 4 -2 4 5 0 4 -2 3 -3 1 -3 -4 4 -5 2 3 5 -1 -1 4 0 2 4 3 -4 4 -3 0 3 -5 1 1 5 -5 1 4 -1 2 -2 -1 -4 0 -2 -5 5 3 -4 -2 1 1 4 -5 -3 -3 4 -5 -3 5
-1 4 5 -3 -2 0 0 0 5 2 -1 -3 4 4 2 1 -5 -1 3 0 5 -1 2 -5 1 5 1 2 4 0 -1 -4 2 -5 0 0 -4 -3 5 -1 1 -1 3 4 -1 5 1 3 4 -2 4 0 -4 5 -4 4 -4 -5 -2 -5 2 1 -4 5 0 0 2 -3 -3 0 -3 -5 0 -2 4 4 -1 -2 -2 4 -2 2 0 -1 -4 -2 0 4 -1 -5 -3 3 -2 -4 -4 0 -3 0 0 -1 -1 5 -4 5 0 1 -5 -5 4 5 4 -1 2 -5 1 -1 3 2 -5 -2 -1 -3
-1 3 1 5 -4 5 5 -1 -5 -3 4 -4 4 -2 -2 1 1 -3 3 1 2 4 -1 5 -3 0 -5 -3 5 -5 4 2 -3 -3 -1 5 -4 -2 -1 0 4 -4 -1 -2 4 -2 -1 -5 3 1 5 1 -3 -5 1 -2 -2 -1 -5 4 -3 3 -1 -4 -2 5 -3 -5 -4 -3 -5 -5 0 1 -4 4 5 4 0 3 -3 0 -2 4 -3 4 -2 -1 3 4 -4 -2 4 4 1 4 5 -3 -5 3 -2 -3 -4 3 4 -2 -1 0 0 3 3 -2 -5 -3 -4 -4 0 2 2 2 -2
3 5 2 2 0 4 5 -4 1 2 -4 2 3 -1 1 0 0 4 -4 -5 -2 -4 -5 1 4 1 3 0 -4 4 2 -5 -5 3 -1 3 -2 4 -5 1 5 -1 0 2 -3 -4 3 2 -3 3 -5 4 5 -1 -5 2 2 -1 5 4 0 3 3 -1 -1 1 -4 -4 1 -3 3 -3 1 -2 0 -2 3 2 -4 -3 -1 1 4 -1 4 -4 -2 -4 -2 -1 -4 -5 -1 3 1 -3 2 -4 4 0 1 -3 2 0 2 -3 2 -3 3 -5 -4 1 -4 5 5 5 -4 -1 5 5
4 0 2 4 2 5 -4 4 2 3 -5 2 4 -5 2 5 2 -2 -3 2 4 2 0 -5 0 -1 5 -1 0 -5 5 -3 0 -4 5 4 3 0 4 -3 -4 -1 -3 -2 0 -3 -3 -1 0 2 1 1 4 -5 -4 0 2 1 1 3 4 -2 3 -4 -4 -4 3 5 1 -2 1 2 3 3 1 -2 -5 5 -1 3 3 3 4 4 -1 -2 -5 2 4 1 3 2 -2 -5 -2 -3 1 2 2 2 -3 1 0 -4 1 -3 0 3 -2 1 -4 -4 1 4 0 1 3 -1 5
3 -3 2 -5 -3 -4 1 -1 -1 -4 -3 -2 4 3 2 -4 -4 -4 -5 4 -1 -2 -1 -2 -4 -4 4 -5 1 -3 -3 -1 3 4 4 -2 2 0 -2 -1 2 3 1 0 -1 0 -3 4 -2 -1 1 -1 1 -3 0 -5 -4 4 3 1 -1 -3 -3 1 -2 3 1 5 -1 4 0 -2 3 -1 5 3 0 -4 1 -5 1 0 -2 -1 0 -2 -1 4 5 2 1 -1 -1 -2 4 -5 -2 -1 1 2 1 -4 1 1 5 -4 0 5 3 -5 -3 -5 -2 4 -3 4 4 4
-4 4 1 0 4 5 2 0 4 1 3 -5 -3 -1 0 -1 4 5 -4 0 -2 -1 1 -5 1 -4 -3 -2 -1 5 2 -4 5 -1 3 -3 0 -1 -4 2 -3 -2 -4 -2 -3 5 -5 -5 -3 1 0 0 4 -4 1 5 2 1 1 2 -1 4 -5 3 5 -5 3 -5 5 2 -5 0 0 -3 1 3 -2 -2 5 3 2 -5 4 -4 -5 3 -5 3 -4 3 4 3 -1 3 -2 4 -2 2 -4 1 -2 -3 -3 -4 -5 -1 4 -1 0 -5 0 -3 -1 -5 2 4 2
3 -5 2 -1 0 -1 5 -1 5 -4 0 2 -3 -3 2 -3 4 5 -1 1 -5 5 -3 1 -5 1 1 -4 2 -2 -4 -3 3 -3 4 5 -3 2 -4 4 4 0 -2 -4 5 -5 -2 0 5 5 -2 -1 -4 -3 3 4 1 -3 0 -3 -2 1 -3 -4 0 -2 4 2 0 1 4 0 -3 -3 -2 5 -4 3 -5 5 3 -3 -5 1 0 0 4 3 4 5 3 2 0 3 0 4 -5 4 3 -1 -2 -3 0 4 -1 4 -3 1 1 -5 -3 1 3 -4 -4 4
-2 3 -3 2 1 -2 -3 2 -4 -3 -3 -4 4 2 -2 -3 -3 -1 -3 2 -3 -4 -2 -1 3 4 -5 -2 -3 -2 -5 4 -4 -3 2 -3 0 -5 -5 3 3 -2 -2 -4 3 -1 -1 -4 -3 -2 4 0 4 4 3 1 -5 0 -5 -3 2 -5 1 5 4 -1 5 0 -3 -4 -2 0 4 -1 -5 -5 5 3 -3 3 3 5 1 -3 -5 -2 -5 -1 1 3 -4 4 0 -5 4 -2 -4 2 4 5 -2 5 5 5 -2 2 -4 5 -2 -1 4 3 1 0 2
-2 2 -3 -5 4 2 -1 -5 -3 4 4 -2 -4 3 4 0 -5 4 -5 -1 1 0 3 -5 -3 2 0 -3 -5 1 -4 -5 -2 -1 2 -2 2 5 -2 5 -2 -1 -5 3 5 2 5 2 5 1 3 -4 -5 -3 0 -2 -1 4 -1 0 -5 5 -5 1 4 -3 -4 -2 2 1 -1 1 -2 -1 -2 1 4 5 0 -3 5 5 2 -2 -5 -3 3 0 -3 -1 2 -2 2 -2 -4 -3 -5 -1 3 3 3 -3 -1 0 3 -2 0 0 0 5 4 -2 2 5
3 -4 0 -2 -5 0 5 0 -3 1 -1 -5 5 -4 5 -1 -1 -4 2 -4 5 5 0 0 -2 -3 -5 -4 3 -5 -4 -5 -2 -1 -5 -4 2 2 2 -1 1 3 -4 -5 5 -2 -2 2 -5 -3 5 -1 5 4 -3 2 -2 -1 -3 -4 -1 0 3 -5 -2 -3 1 5 4 3 -1 1 5 1 -2 -2 -4 0 -5 3 2 -5 -4 1 0 -3 -3 2 1 1 5 1 -4 4 0 0 5 -4 -5 -3 -2 5 0 4 -4 -1 -1 0 -2 -3 3 -3 2
-1 3 -3 -5 3 -2 -4 2 -4 -4 3 -2 4 0 -3 -2 0 1 4 5 0 2 -3 2 0 -4 -3 -2 -5 3 2 2 3 1 4 -1 -5 -2 -2 -5 -1 -1 2 3 5 -1 4 -3 -5 -1 2 -1 -1 -4 2 -2 -3 -4 -2 5 0 -3 2 -5 -4 -3 1 -1 -1 0 3 2 2 1 -4 -4 -5 2 -2 1 -1 4 0 1 0 4 1 -3 -2 4 2 4 -2 0 -3 -1 0 5 -2 4 -4 -1 -2 -3 2 3 -4 2 2 -1 -5 -5
-4 -4 -2 -1 5 -2 3 -2 -4 3 -1 -3 -1 2 -2 -3 2 4 -1 5 4 3 4 -5 -5 -5 -5 -3 -1 5 -5 -2 3 5 1 -4 2 3 -1 1 -2 2 4 5 -4 -5 -1 2 2 1 -2 5 1 1 2 4 1 -1 5 5 4 -1 -3 -4 3 0 1 -5 -5 -5 -5 -4 4 1 -1 5 -3 -3 -3 -3 5 2 -1 -4 3 1 1 5 1 -2 -1 -4 -5 -3 -4 4 -1 -4 4 1 4 -4 3 0 3 -1 1 -2 -1 -1 -3
5 -2 0 -5 5 -1 0 -5 -5 4 -2 1 0 3 2 1 -3 1 1 -3 -5 5 -5 -4 -1 -5 -2 -2 -3 2 3 3 -3 0 4 2 5 -1 3 5 4 4 -3 1 -3 4 3 1 -3 3 5 0 2 -2 5 -1 3 -1 -2 -1 5 1 3 -1 4 1 -1 4 -1 -5 -2 -4 2 -4 0 0 -5 -3 -2 2 1 5 -3 4 -3 1 -5 2 -5 -3 4 3 5 0 3 -2 3 -3 -5 2 3 -1 -1 -3 4 0 -4 -2 5 4
-1 1 -2 -4 5 -2 1 -2 5 -3 -1 3 3 3 -2 5 4 4 -1 0 -3 2 0 -5 -4 -5 -1 4 3 -4 -1 1 -1 0 1 -5 0 -5 1 -5 -1 -5 3 -4 -5 -5 1 -1 -4 -4 -2 -3 -5 0 2 5 -4 -5 1 -5 5 -2 -4 1 2 -4 -3 5 -5 -3 -2 2 5 -5 -4 0 3 0 -2 2 1 -2 5 -1 2 4 3 1 -4 3 0 1 -3 -1 1 -1 1 3 4 3 -1 1 -2 2 1 -3 1 5 -2
2 -3 -4 3 0 3 2 4 -2 1 -5 -1 -1 -2 -2 3 0 0 1 3 -4 -5 5 -2 0 -5 3 2 -4 -1 -5 -3 4 -4 0 -5 0 4 2 -5 -4 -3 1 4 -1 0 -3 1 -3 4 -4 -1 1 3 2 1 0 0 5 -4 0 1 -4 5 4 0 4 3 0 5 0 2 -4 -1 3 5 -3 3 -3 -1 2 -5 4 -3 4 3 4 -1 2 -4 -2 1 -5 -3 -2 5 -2 4 -1 -4 4 3 0 5 4 0 -3 1
3 5 3 3 -1 4 0 0 4 -2 0 -5 2 3 3 5 0 3 3 5 2 -3 -3 -3 3 4 -5 4 -3 3 3 4 1 2 3 -5 -4 3 -5 3 2 2 4 -5 0 3 -5 4 3 0 2 2 5 4 -4 0 0 -2 5 -3 2 -1 5 5 -1 3 3 3 -1 -5 2 0 -3 4 5 0 -5 -3 0 4 1 -1 -2 4 2 0 0 -4 -2 -5 0 -2 2 4 3 4 2 2 4 5 1 -1 0 -3 2 0 4
-4 3 -2 -3 -1 5 -3 -3 4 -4 -1 4 0 4 -4 5 2 1 -5 1 -1 5 0 1 3 -5 -2 -1 4 5 -1 4 -5 3 -2 2 -5 -5 -3 -1 -2 0 -1 -4 3 -2 -2 -3 -5 2 -1 4 1 0 -1 -5 1 4 3 1 3 -2 2 -3 -4 2 -4 0 4 -5 2 5 2 0 5 -1 -1 3 -3 -3 -5 4 5 -2 -4 0 -4 -3 4 -3 -1 3 5 1 4 -5 -2 -2 -2 0 -2 -3 -5 -2 0 0
-4 5 4 1 -4 3 -1 -5 0 -5 -2 -5 -5 -4 -4 -2 3 5 5 -1 -5 -3 0 4 0 5 -2 -5 -4 -1 -2 0 4 1 -2 4 1 -4 3 5 1 2 -5 -5 -1 0 -3 3 5 -2 -3 5 4 0 3 -5 1 -4 -1 4 0 3 3 5 2 -1 3 3 -3 -5 -2 1 5 2 2 -5 4 4 -2 -1 1 4 -5 4 1 -2 -4 4 -4 -1 -4 -5 3 5 -1 1 4 -2 -1 -1 -1 4 -5 5 4
2 -3 -5 -5 -1 2 -3 -1 -4 -1 -5 -2 -3 4 0 3 5 -2 -5 -1 5 4 3 -3 -4 3 1 0 -5 -3 0 -4 4 0 0 -3 0 -4 -5 -4 -5 -2 -3 -4 -5 -5 1 1 -3 3 -4 1 5 4 -4 -1 -5 1 -5 -4 3 -2 2 -3 4 0 -3 2 2 -4 2 1 -1 2 -5 3 2 4 4 -4 0 0 5 1 -5 3 -5 -1 -3 -2 -3 4 -2 3 -2 -1 -2 1 2 -4 1 3 -5 -3
5 0 0 -1 -1 5 5 5 1 -1 5 1 0 -1 3 -3 3 -1 -3 0 4 3 1 -1 0 -5 -5 4 3 -2 -4 2 -3 5 -1 -2 -3 -3 1 1 -1 1 -4 1 -5 -4 -4 -2 4 0 5 5 -1 -5 4 5 3 3 -5 1 1 -4 -1 1 -1 1 -4 -4 -1 -5 3 -4 3 3 -1 -5 4 0 -3 -2 1 0 -4 -3 -1 -1 5 4 -1 3 5 -3 -3 1 5 -4 5 1 -3 -1 -3 -3 2
3 1 2 -3 -1 -3 0 -4 0 -2 -4 3 5 3 5 3 -2 4 3 5 2 1 -2 2 3 -4 -2 3 0 -5 3 1 -2 0 5 -5 4 3 -3 0 -3 -2 -2 -5 -3 0 1 0 1 -5 2 4 3 5 -4 -1 5 1 -2 2 -3 4 -3 3 -5 -1 -2 -5 2 1 3 -1 -5 -5 4 -1 -3 -4 5 4 -4 0 1 5 5 0 -4 0 -4 -3 -3 2 3 -5 -3 5 -5 -2 -3 -1 -5 5
-2 5 1 0 5 -5 5 -5 1 1 -5 1 3 -5 -3 3 0 -5 -2 -2 -4 -4 1 3 5 2 1 -1 1 2 0 4 5 -2 -5 5 -4 1 -2 -5 0 -4 -5 -4 5 -4 -5 3 3 0 1 1 5 -4 5 -3 -4 -2 5 3 2 2 -5 -4 -5 3 2 5 5 -3 -5 3 2 -4 2 3 -4 -5 4 2 0 1 4 1 -4 -1 -3 0 0 3 -5 3 -4 -4 0 3 -1 2 -2 4 5
0 0 -2 -1 3 5 2 2 5 -5 4 2 -4 -3 -5 2 0 -3 -2 2 -5 2 0 -4 -5 -3 0 -5 -2 -2 -1 4 -4 -5 3 2 5 4 1 2 -2 -4 5 3 3 0 2 5 3 3 2 5 -5 1 -3 -1 1 -3 -1 -5 -2 -4 2 -3 -1 0 2 -2 1 -3 5 3 -3 3 0 5 4 3 2 -4 -2 5 3 4 2 -2 -4 1 0 -5 -3 0 -3 1 5 3 5 5 -5 0
1 -1 5 1 -1 -5 5 2 -2 5 1 3 5 0 -4 4 -2 2 -1 4 3 -2 1 -1 1 0 4 5 5 2 -5 -2 -2 -5 -1 2 -5 5 -2 -2 1 -3 -4 -1 -5 1 0 1 -5 -3 -1 2 -5 -1 -3 4 0 5 -3 3 -2 4 -4 4 3 -5 3 2 -1 4 -5 4 -5 -2 2 5 1 1 -3 -2 2 5 5 -3 1 -4 2 1 -1 -3 0 -2 5 2 1 0 -4 -4 -3
-1 0 -3 -4 -2 2 1 3 -2 5 5 4 0 -4 1 -3 3 3 -5 -2 5 1 -3 -3 3 4 5 3 4 3 0 -5 3 -1 5 -5 -5 5 -3 -3 -1 -3 4 -3 4 3 3 5 -4 -1 -4 3 -5 4 2 -1 5 -3 1 2 -5 -2 3 5 4 -2 4 -1 5 5 2 5 0 -5 -1 1 -5 -1 -2 0 0 -2 4 -5 0 -5 4 4 5 5 2 -3 4 0 -5 -2 -2 1
4 1 -3 -5 -4 -1 1 5 5 -5 2 -5 1 -1 -5 -5 5 3 4 -1 -5 1 -5 -1 -2 1 -5 1 -4 -2 -4 4 3 1 0 -1 -5 3 3 -5 -4 5 3 2 -3 5 -4 -3 4 3 2 1 5 -5 0 3 0 -3 -1 -1 5 -4 3 -3 0 3 -5 -4 0 2 3 4 -1 5 4 1 1 0 3 -4 1 2 -2 -4 -1 5 2 5 -1 -1 -1 1 -1 3 -4 0 1
4 0 2 4 0 -1 1 0 5 5 -2 2 -2 1 0 4 5 2 -1 -3 0 0 1 0 4 5 0 4 4 -5 2 4 4 0 -3 -3 -5 1 0 4 3 2 -4 -5 5 0 -1 -3 -2 -1 4 0 -2 3 -1 -1 0 -3 3 0 -3 -2 5 -4 4 -1 3 3 1 -1 3 5 -1 1 -4 1 -2 -2 -2 4 1 2 -1 0 3 -1 -1 4 1 -4 1 2 5 1 0 0
1 -5 -2 2 -5 0 2 -4 -5 -3 4 2 -4 -2 3 -3 2 -5 4 0 -1 -2 -4 5 5 -3 5 5 -5 1 -4 -4 -1 1 -2 5 2 3 3 -3 3 2 0 -4 -1 0 -2 5 -5 -5 5 -2 -3 4 -3 -3 0 -1 -2 0 5 -2 -1 0 -4 -1 1 1 -2 0 1 -2 5 5 -4 -3 -4 -1 4 -3 -3 -2 -5 4 -4 -3 1 1 -2 1 0 -5 5 0 -2
-5 -5 2 3 -3 -4 -2 3 3 3 4 0 5 4 0 1 -1 4 0 0 1 -4 -2 -3 4 3 1 2 -3 -3 3 -1 -3 -3 2 0 3 -1 -1 -4 3 3 -5 -2 -5 -1 3 -4 1 3 -1 3 -1 -4 2 0 4 1 -5 2 -1 -1 -5 -5 -3 1 -5 1 -4 2 0 -2 -4 -3 -2 -4 -2 -1 3 -2 5 4 2 0 4 2 -4 0 -3 5 2 -5 3 3
-4 5 3 3 -4 -5 3 -4 -5 0 3 -1 5 4 4 -4 -2 0 -5 -3 2 -3 1 4 0 1 3 -3 -4 1 5 2 0 1 2 -1 -2 1 5 -5 -1 0 3 -2 1 2 -5 0 -2 -1 -5 -1 -4 -3 3 3 5 2 5 4 5 -3 1 1 3 -4 -3 -5 -2 -4 -3 4 3 0 -1 1 5 -4 -3 -1 4 -5 -2 -3 0 -3 -1 0 -2 4 -3 4 -4
4 5 -4 4 4 5 5 -5 -5 -1 3 -1 1 1 0 3 -5 3 -4 0 3 5 4 -2 5 -2 -4 1 -2 5 5 -5 -5 -2 -5 5 0 -3 2 3 0 2 -2 -2 5 -3 5 -3 -5 3 2 3 4 1 0 3 2 -2 2 3 -2 2 -5 2 -5 -2 -5 -2 -1 -4 -3 4 -1 5 5 -4 3 -1 -2 3 0 3 -4 1 -2 1 -1 -5 -4 -5 2 -4
0 -1 -4 3 -1 -5 2 -1 5 -3 1 3 5 -5 0 -2 -5 -3 5 4 -3 2 3 1 -2 4 -2 -4 4 2 3 -2 5 3 3 -3 4 3 3 -4 5 -5 3 2 -3 -2 4 -5 4 -2 -3 4 -3 -4 -4 1 -1 0 -4 0 0 1 1 3 -3 5 -4 -2 -2 -4 4 -4 -4 -3 4 3 5 -2 0 -4 4 0 -5 -2 5 3 -4 1 -4 1 5
1 4 4 2 -1 4 2 1 -3 -3 -1 -4 -3 -5 -4 -3 0 -4 4 -3 -3 4 4 2 1 -4 -2 -4 2 -5 2 5 0 -1 3 4 -3 -1 -1 3 3 3 2 1 -4 -2 -5 -5 -5 4 2 2 1 4 5 0 2 -5 -5 0 2 5 -5 -5 -2 2 4 2 -2 4 -2 0 1 -4 -3 4 0 4 -2 -1 3 2 -2 4 -3 4 -4 -3 -4 1
-3 5 5 3 -2 0 1 -2 -3 1 0 -5 3 -1 1 2 -5 1 -3 4 1 1 -1 -1 0 -4 5 3 4 -1 -1 -1 -1 -2 5 1 2 -3 -2 5 -3 -5 -4 5 5 -2 -3 5 0 4 0 4 3 2 1 0 0 0 -1 -5 -3 -1 0 0 0 -2 -3 4 -3 -3 4 -2 3 1 1 -3 5 5 -3 1 -2 -3 4 -3 3 -1 -4 3 -5
5 -2 3 0 -2 -5 -1 0 1 5 4 -3 -1 -2 -1 -3 5 -1 3 5 2 -5 1 0 4 5 -3 -3 1 3 2 5 -1 -3 4 -1 2 -2 5 -3 1 4 -4 5 0 3 0 -3 5 2 -4 -2 0 -2 2 -5 -1 3 0 -4 0 0 -3 -2 0 -5 0 1 0 3 2 -2 3 -4 2 0 -1 0 -3 2 -5 -3 -5 -1 -4 2 -2 -3
4 -3 4 -5 -5 3 0 -1 5 0 2 4 4 2 0 3 -1 3 5 4 1 2 4 -5 4 1 -3 2 0 5 1 4 2 0 -5 -4 -2 2 3 5 -4 5 2 -2 0 4 -4 5 -3 2 -1 -3 3 -1 1 -5 -5 3 4 -2 -3 -3 -1 5 1 4 4 -2 -5 -3 1 -4 -3 -4 -3 2 5 4 -3 -2 1 3 1 3 1 3 5
-3 -1 -1 2 -4 4 -5 -4 5 -3 1 5 2 -2 -5 0 -1 -1 5 -2 -4 0 2 5 0 0 -3 -5 2 1 -1 2 5 -3 2 3 -3 3 3 -1 -5 2 4 -2 4 -5 1 -1 1 3 3 4 -2 3 -1 -3 5 -1 0 5 3 -5 -5 0 3 4 -4 2 -1 0 2 -2 -1 0 3 2 2 5 5 -3 -3 4 2 -5 3 -4
-1 -1 2 -1 -1 3 5 -3 -3 -4 -5 -5 -1 -4 5 3 2 3 0 0 -2 0 -4 0 5 -5 -2 -2 -2 -4 -4 3 4 -2 5 3 5 4 1 -2 4 -1 1 -2 3 2 1 -2 -3 0 -2 2 4 -5 2 3 3 1 2 5 0 -2 3 -2 -3 -4 2 1 3 -5 -4 4 3 -5 -4 0 -4 -5 1 4 1 -4 5 -2 3
1 5 1 -4 -2 -5 4 0 3 -4 -4 -5 -2 -1 -3 -2 2 -3 4 -3 -2 -2 2 -4 -3 3 -5 3 1 -3 -2 -4 -3 -4 4 -3 3 -5 4 5 5 -4 4 2 5 0 4 4 -3 4 1 5 -1 0 0 -4 1 1 2 5 3 2 1 2 -2 2 -1 -2 -5 4 3 0 -5 1 0 -2 2 -3 -4 3 1 -2 -5 1
2 2 -2 1 3 -5 -2 5 2 -5 -3 -5 -3 -5 3 -3 2 4 5 -1 4 -2 3 -3 -5 1 4 -5 -5 0 2 -3 5 -3 -4 3 3 -4 0 -5 -5 -2 -5 -4 -5 2 -1 2 5 -4 1 -4 5 3 4 -1 -1 -1 5 -3 -1 -4 -5 4 4 5 -4 5 0 1 1 -3 4 -2 -4 2 -1 -2 3 3 3 -2 -1
0 -2 5 3 -2 3 3 -1 2 -2 4 2 -1 -4 -2 5 -2 1 -3 5 -5 -1 2 -2 -4 5 5 -3 0 0 -4 -5 1 3 -2 3 -5 -4 5 -5 -5 -2 -5 5 4 -3 1 -3 5 0 -4 4 0 -4 4 1 3 -5 -4 2 -1 -4 0 -5 -4 0 4 -5 3 3 -1 0 0 -2 2 -2 -1 -5 -3 -1 -4 -4
1 -5 2 4 4 0 0 2 -1 3 5 -4 -5 2 -5 1 5 3 -1 4 2 3 -3 3 5 -1 -2 2 -3 5 4 3 4 1 3 1 0 -2 3 -4 3 0 0 4 2 3 -4 5 -2 1 -3 3 4 -3 4 5 1 5 5 4 2 1 3 2 1 4 1 3 -1 4 -5 3 1 4 -1 0 2 4 -1 -4 5
-2 1 -2 4 5 4 -3 -1 -5 5 -5 -1 -4 4 -2 -4 -5 3 2 0 2 -4 -4 -1 -4 -5 0 -3 -4 -2 -5 0 0 2 -2 -1 2 -1 2 -4 2 1 -3 -5 -4 -1 -2 -2 0 -2 -5 5 -1 -1 1 3 3 1 -4 3 -4 -3 1 1 2 -5 1 3 -3 4 1 4 -5 1 0 4 2 -5 4 1
0 -3 -4 -5 -4 0 -3 5 -4 -5 -2 -2 0 4 -3 0 -4 -1 2 2 -4 2 0 -2 -1 3 -2 -2 -5 1 -4 0 -4 5 -1 -2 4 4 4 -1 1 1 0 -3 -1 -3 3 -3 -1 -3 3 -4 -1 -3 4 5 5 5 -1 1 1 -4 -1 -4 4 -2 -1 -1 1 -3 -5 4 -5 -2 -5 4 -2 -5 2
-4 -3 4 -2 0 5 -2 5 2 -3 3 5 -3 -5 -1 5 -5 2 -2 -3 -3 -2 1 -2 -1 2 0 1 -1 2 2 -2 0 -4 -4 -5 -3 -1 0 0 3 -3 -4 -5 2 -2 3 -3 5 2 3 -1 5 1 -1 -3 5 5 5 3 -5 0 -5 2 -2 2 2 3 5 0 -1 -1 2 -2 -2 5 4 -3
4 5 -3 -4 -3 -4 2 5 -1 2 0 2 -4 1 5 3 2 -3 5 -4 0 -4 -2 2 3 -3 5 4 0 -5 0 3 -4 1 0 4 0 -4 -2 -4 2 2 -4 3 0 -2 0 -5 4 -1 3 0 -1 -1 -1 4 4 3 2 0 -4 -5 3 4 -4 1 4 2 -3 2 1 3 2 1 -4 -3 2
-5 -2 -4 5 -2 -4 -4 3 1 -5 -3 2 5 -5 5 2 5 2 -3 -2 5 4 0 2 3 5 -2 5 0 -4 4 5 -4 2 -3 4 1 0 3 -5 1 2 -5 -5 5 -1 -4 -5 -5 -5 5 5 3 -3 -1 1 -2 -1 -3 -3 4 -4 5 -2 -4 -4 4 -1 -5 2 1 -3 -2 1 1 -3
-5 -5 1 4 0 -3 -2 5 3 1 4 1 -4 -1 0 5 0 -3 1 0 1 1 5 5 -2 -3 3 1 -3 -5 -2 1 1 4 -3 -2 -5 -2 1 2 0 4 1 -3 -1 2 -4 -5 3 -2 -1 4 0 2 2 3 1 -2 4 4 -2 5 -1 1 -5 5 0 -4 4 3 -2 3 1 4 2
-2 0 3 0 4 -2 4 -1 -5 -1 2 4 -3 4 -1 5 4 4 4 4 -3 -1 4 2 -5 5 -3 5 -3 1 -2 1 1 4 2 -2 4 5 -1 3 5 -4 -3 2 -3 4 3 4 -4 5 5 -2 5 -5 0 1 -4 -4 4 -1 -4 4 5 -4 -3 -4 -3 -1 3 -2 2 -2 0 -5
2 -3 -1 1 -4 2 4 0 -5 -2 3 -4 4 2 -5 5 4 3 2 -1 0 -5 0 -2 3 -1 -2 -4 -3 3 1 5 -5 1 -3 1 -2 -2 -4 2 -5 -3 -1 1 1 -4 -4 -5 1 2 -1 -3 -3 -1 0 1 2 2 -5 -2 5 -2 -3 5 1 -1 -2 1 3 0 -5 4 -2
1 4 -5 -2 2 4 -4 3 5 -5 0 0 -3 -4 3 4 -5 -5 1 -1 -2 5 -5 1 3 -1 3 4 5 2 4 3 4 0 -1 4 -4 5 2 -5 2 4 -2 -4 -5 4 1 5 -4 0 -4 1 -2 2 3 -3 -2 2 -5 -2 2 -1 -2 -1 2 -5 1 -1 -3 5 1 -1
-4 3 -3 3 -1 2 -1 -2 -5 5 -1 -2 1 5 -3 -1 -3 -4 -5 0 1 2 -4 -5 2 3 -4 4 1 0 1 3 5 3 1 -3 -3 0 5 2 -2 -2 -4 5 -2 -3 0 -2 -2 -2 2 5 3 2 -2 -2 -1 3 2 -2 -4 3 4 -3 -2 5 2 -2 4 -3 5
-2 2 1 -5 -5 -2 1 -3 0 5 -2 -1 4 -1 -5 2 -4 0 2 -3 0 -3 3 -1 -5 3 0 1 0 -3 2 -2 0 0 0 -2 2 5 3 -5 2 4 3 -4 3 1 -3 4 -3 5 3 4 2 -4 -4 -5 4 -2 -2 3 5 -3 5 5 -1 -5 5 1 -1 -5
2 4 -2 4 -1 5 4 0 4 -2 -2 5 5 0 0 3 2 -5 -3 4 2 5 1 4 1 -4 -1 5 5 3 -5 -1 5 -4 0 3 1 -5 -2 4 -4 1 1 -5 -1 2 -4 -1 0 5 3 -3 -4 -2 -5 -2 -5 3 5 3 -2 0 4 -2 -1 1 3 4 0
0 1 1 -5 0 5 -1 -4 4 4 -2 4 -1 2 -5 2 -3 -1 5 4 -4 -1 0 -4 -3 3 4 -5 0 -2 5 -2 -3 2 3 1 -2 -5 0 -4 1 -5 -1 1 -2 -3 3 4 -1 2 3 5 5 -4 3 5 -4 5 1 4 -2 -5 -1 2 -1 0 5 0
-4 3 -2 -5 -3 0 4 -4 -2 -2 -3 5 2 1 4 5 -3 -3 -5 4 -5 0 2 -5 4 1 0 3 -2 -1 4 -1 4 -3 0 3 0 3 -5 3 -3 1 -2 -4 5 2 4 0 1 -5 -2 1 2 3 1 -5 5 -3 -3 4 0 1 -4 5 2 -3 -2
4 1 -4 3 1 -2 1 4 3 -1 4 -4 -2 -5 -1 -5 -3 -1 -2 5 5 3 3 -5 1 0 -4 1 1 -5 -1 -5 -5 -2 2 -4 3 -4 -2 4 5 -5 -4 -2 5 -3 -4 5 2 3 4 -2 -4 5 4 -3 -2 -1 -2 -4 -4 5 0 5 5 2
5 -4 3 0 -3 5 0 -1 0 -1 -4 0 -2 0 1 5 2 4 2 -5 -3 2 2 2 1 -3 -4 -3 -2 -1 5 -2 -2 -3 -1 5 4 1 0 2 2 -2 1 4 -3 2 -5 3 -1 -5 4 -3 -4 -3 4 1 -2 -2 0 0 2 -1 -5 -3 -5
3 0 3 -3 -3 3 2 3 -3 5 5 0 4 2 -1 -4 -1 -3 -1 -2 -2 4 -3 1 -1 -2 4 3 1 1 0 -2 3 -2 4 2 2 3 -2 1 0 -4 -1 2 3 4 -3 0 5 -5 -4 -1 -3 3 1 -1 2 1 -1 3 5 -5 -3 5
-1 -1 3 5 -3 4 -4 -5 1 -2 4 0 5 -2 -4 2 -3 2 -3 -4 2 -4 -3 -3 -3 2 3 -4 2 -3 -5 -4 2 -1 -3 -4 -2 3 -1 4 -3 -4 1 -3 -1 5 3 -4 -1 3 -5 3 -4 -5 2 -4 -3 -3 -4 -1 -1 3 5
1 3 2 1 2 5 -4 4 5 -3 4 3 1 -2 4 3 2 4 -1 4 -4 5 0 3 3 -2 -5 -3 1 0 -2 -1 -3 -1 2 1 3 -4 -5 0 -1 2 1 5 -5 -3 -4 -1 3 -3 2 -1 -5 0 0 -5 -5 5 4 1 3 5
-4 -5 -4 -4 0 -3 -4 5 5 1 -4 2 5 3 0 2 -3 -4 5 0 5 -3 -3 4 -4 -2 2 -3 -3 -4 -1 -1 5 -3 5 1 2 5 5 -1 2 1 3 -3 -1 2 3 -5 2 -3 -5 0 0 -3 1 0 -3 0 2 -1 -1
-2 -5 4 2 -4 -4 2 -4 1 1 -2 4 4 -2 -3 3 2 -5 0 4 -2 -5 3 4 0 3 -3 -4 -2 5 -3 5 2 -2 4 -3 2 1 5 1 0 3 5 1 -3 -3 4 3 -3 2 3 5 2 2 -4 3 0 -1 -3 -5
-3 -5 -5 5 -3 0 2 3 2 -3 -4 0 -4 -5 1 -4 -3 0 1 -1 3 2 1 5 -5 5 -2 3 -4 -5 1 -4 -3 -3 3 -2 -3 -1 4 -1 2 4 -3 4 3 1 -2 -3 -5 3 5 2 4 -2 3 0 -2 5 -1
-5 -3 1 4 0 3 -4 -4 -5 -1 3 2 4 4 5 -3 -2 -4 -1 0 1 -2 0 3 0 4 -3 5 5 2 4 4 5 5 -5 5 -3 -2 1 5 4 1 4 -3 3 0 -1 -5 0 3 -4 4 1 -4 -1 4 4 -1
4 -4 -3 4 -3 2 4 5 -5 -3 -1 0 2 0 -4 5 -4 -5 4 5 -2 0 3 -1 -5 -5 1 2 -1 -1 0 0 1 2 0 -1 -1 -3 1 -5 4 -3 3 3 -1 -1 1 3 2 -4 -2 3 2 -3 -2 -4 1
4 1 0 0 4 -1 4 -2 3 0 5 4 -1 5 -4 3 -4 -4 -5 0 -3 5 1 3 5 -5 3 0 -5 2 -1 1 -3 5 3 0 2 3 -3 0 5 -2 3 2 -1 -2 5 -5 0 -5 -5 -4 5 2 4 -1
-5 3 -2 -1 -2 -4 1 2 5 5 -3 5 -3 1 -5 0 -2 2 3 -4 -3 1 1 -1 0 -2 5 4 3 4 3 -2 5 -2 -5 4 -2 -1 -1 3 0 -5 -4 1 -3 3 3 -4 4 -2 0 -2 2 -5 -5
-1 3 -5 2 -2 -3 4 -1 -3 3 3 2 4 1 -3 5 -2 2 3 0 2 -5 -2 1 -2 0 0 0 3 2 1 -1 -4 -1 2 -1 4 -1 3 3 5 1 3 -1 1 -2 1 -2 -2 5 -5 -4 2 5
-1 -5 3 0 0 -5 5 5 4 -3 3 -2 3 -5 0 -1 -2 -5 5 -1 3 -3 5 -5 -1 3 5 -2 4 -3 4 3 5 -4 -2 2 -5 3 4 0 -4 -4 -5 3 4 1 4 -1 5 -2 2 -1 -3
-2 -1 -2 2 4 4 -1 5 5 5 -4 4 4 -3 -2 -3 -1 3 4 -3 4 -5 1 4 -2 -2 -1 -3 -5 -5 -4 0 3 -5 -1 2 3 5 -2 -5 4 -4 -2 1 5 0 -2 5 -4 -5 2 5
2 -5 5 -3 1 -3 3 3 5 1 -3 0 -4 1 0 -4 1 2 0 0 4 -1 2 0 3 2 0 -1 -3 -3 -5 -5 2 5 5 -4 1 -4 -1 0 -4 2 0 2 4 -3 3 0 -4 -4 4
-5 -4 -3 0 -2 4 4 -1 2 -4 2 3 1 3 1 -4 -5 -5 -5 0 -1 2 3 0 -4 3 1 5 2 4 -2 -4 1 -4 -5 0 3 0 3 3 5 -1 3 0 2 5 3 3 -1 5
0 0 -5 0 -4 -4 0 -4 -1 0 2 2 3 -5 0 -5 3 2 -3 -4 -2 1 -4 -3 4 5 -2 -2 0 -2 1 2 5 -4 -2 -2 4 -5 4 3 3 1 0 2 -2 -5 0 -5 0
-5 4 3 -1 -3 -5 -1 -5 -2 -1 -5 -5 -1 -1 -4 -1 -4 -4 4 -2 2 0 -4 5 1 -3 -4 -4 -1 3 -2 1 -3 0 -5 4 5 3 -5 -5 4 1 2 5 5 -1 -1 -1
-5 1 1 1 -5 2 4 -3 5 0 5 -3 0 -4 -5 -2 3 0 -2 3 0 0 -3 -5 -4 3 4 -2 0 0 1 -2 3 4 2 -3 5 2 -3 1 2 1 -2 2 -4 2 -3
-1 1 -4 4 -5 5 -3 5 1 -5 -5 5 -4 -4 -5 -2 -5 -1 -4 -1 4 -5 -1 -4 -5 -2 5 2 3 3 5 -4 -1 1 -3 0 -3 5 -3 -1 2 -1 -2 4 -3 3
-3 -4 -3 4 5 0 5 2 -1 5 5 5 5 -5 1 -5 5 4 0 1 4 0 4 3 3 5 -1 4 -3 1 -3 4 3 1 -4 -5 0 5 2 -4 -3 -4 -5 3 4
0 -1 -2 1 4 2 -2 -3 5 3 3 5 3 3 -3 3 2 3 -2 -2 5 0 3 -5 3 -4 0 2 1 -4 3 -2 5 -2 3 -1 -5 -1 0 -3 -3 -5 2 -3
-3 -4 -4 -2 4 -2 1 -3 -1 -1 -4 -1 -1 -2 -5 -4 1 2 2 4 -3 4 -5 2 0 -4 -3 -2 4 -2 0 5 2 2 5 3 5 1 -1 0 0 4 5
3 2 3 5 -2 0 4 0 -5 -5 -2 1 -5 -1 2 2 1 3 2 -2 0 0 5 -3 4 3 -2 -3 2 -3 1 -4 -3 4 -3 -5 -4 -2 5 -1 -5 -4
-3 -5 1 4 5 0 -3 0 3 -5 5 -5 2 -4 -3 -3 4 2 -5 -4 -3 -4 -5 4 1 -5 -5 2 5 -2 1 -4 3 -5 -2 -2 1 2 2 -4 -3
2 -3 5 0 1 4 1 3 -4 -3 -3 -2 2 5 -1 -5 2 4 0 -2 1 -3 -4 -2 -4 -3 -1 -3 3 2 0 0 1 -3 1 -5 3 -3 -1 5
2 -2 -4 -1 3 -2 2 -3 3 -2 4 1 0 -5 -3 -4 -2 -4 2 -5 -3 -4 -4 5 -3 -5 0 0 3 -5 -5 -1 -3 -5 -1 4 -5 -3 4
5 0 -4 -1 -4 0 -5 4 2 -5 -3 2 2 -5 4 1 -3 -3 -1 5 3 -2 -3 1 -5 -5 0 -3 2 5 1 1 5 4 -2 -5 -2 -3
-4 -2 5 2 -1 2 2 4 5 1 3 3 -3 -2 -1 3 5 -5 -3 -3 4 2 1 3 1 5 1 -1 -2 -4 -5 3 -4 4 2 -1 -1
5 -5 3 -5 0 -3 -2 5 4 1 3 -1 -4 -5 1 3 -3 2 3 2 -5 2 2 1 5 5 -1 -5 -3 3 3 3 0 2 1 3
4 1 2 -3 -3 0 -5 -4 -1 -2 0 5 0 0 4 1 -4 1 5 3 4 -3 1 4 4 2 0 -4 1 1 3 -3 5 -2 -4
4 -3 -3 0 1 -1 -5 -1 2 1 -1 -5 0 -4 0 -5 1 -5 4 0 -2 2 1 3 5 4 -3 -1 -2 -3 2 1 -2 2
-2 -1 3 -1 5 -3 2 2 -3 2 -2 3 0 1 -3 -1 5 -5 -3 4 5 0 4 -1 -5 -5 1 1 4 3 0 3 5
3 0 -2 5 -5 4 4 -3 0 1 -2 -1 -4 -3 -5 1 1 0 -5 -2 -5 -5 -1 0 5 5 4 4 3 -3 4 5
-1 -2 5 -3 -3 -5 -2 2 -1 0 3 2 2 -4 1 -3 -1 -3 5 5 -4 -2 2 -5 -3 4 -4 -3 -2 3 -1
-3 5 -2 0 -4 1 2 0 -2 4 1 -3 3 4 5 -1 1 -2 -5 2 0 5 1 0 3 0 4 0 -2 2
2 1 1 2 -4 1 0 -2 -2 -5 0 -5 -2 -3 -2 -1 4 0 -4 4 3 -5 3 2 4 1 -1 3 2
-5 -4 5 -1 -4 -4 4 -1 4 2 2 2 5 5 -2 -4 -3 -1 4 -3 2 -3 -1 -1 0 0 0 0
4 -5 -4 -4 -5 -2 -4 2 -3 -3 1 1 0 4 4 -2 -5 -4 5 3 -3 1 -2 -2 -1 4 2
-5 -1 -1 -1 -4 -5 -5 -1 1 0 -4 4 3 4 -2 -1 2 0 5 -3 5 1 2 3 1 5
0 -1 0 2 -3 -5 0 -2 0 -3 -5 4 0 -2 -2 4 3 -1 0 2 -3 -1 4 4 -2
2 2 1 3 1 -1 2 -2 -1 3 4 -5 -3 4 0 -1 -2 0 -2 0 -4 1 -2 -3
0 -4 -3 3 3 5 2 1 0 0 -5 1 0 2 -2 1 -4 0 5 -5 -4 -3 2
0 4 5 2 4 0 -2 -2 5 -2 -1 5 3 5 -4 0 -3 -3 -3 -3 1 3
2 -5 2 -2 -2 5 -1 4 -1 0 1 3 -4 5 0 -1 -1 2 5 -4 0
0 2 -1 1 -1 -4 5 -4 -2 1 -1 -1 5 3 -5 -5 -1 3 3 3
-2 -1 1 5 5 5 0 -2 -2 -3 3 -3 -2 3 -5 5 4 -3 -5
3 3 -3 0 0 3 -3 2 -2 -4 0 3 -5 -3 5 0 4 -5
-2 -1 -1 2 2 0 -4 0 -3 -4 -1 1 0 4 -5 3 2
-5 4 0 -4 -3 5 5 2 1 4 1 0 3 -5 -4 -1
5 -3 5 3 1 -5 5 0 0 -5 4 2 0 -5 4
-5 4 2 -2 -3 -2 4 -5 -1 3 -1 3 4 1
-1 4 5 -3 -2 3 5 2 -3 0 2 3 2
1 -4 5 -5 -5 2 5 -3 3 1 4 -1
-2 4 2 0 5 4 -3 0 -1 2 2
-4 4 5 -2 5 5 0 3 3 3
-2 1 4 -4 1 -1 4 -3 0
1 -4 5 -2 -2 -4 -4 4
2 -4 -5 1 -4 5 -5
-4 3 3 0 -4 -1
2 4 4 -5 4
3 5 4 -2
0 3 4
-4 0
5