25
8 8 12 9 11 12 9 9 9 8 11 12 11 12 10 9 10 11 10 12 10 11 8 11 12
1 24 9 8 22 5 4 18
19 14 2 1 3 7 8 17
1 18 7 21 24 14 8 15 9 25 13 22
23 14 11 9 5 7 25 4 3
4 12 24 20 9 2 15 18 25 13 22
10 21 20 12 19 7 3 2 8 25 18 14
4 13 9 15 21 12 6 20 18
22 9 23 25 21 3 6 18 8
15 13 9 21 18 8 11 2 20
11 13 9 3 7 19 25 21
13 21 15 5 9 22 8 18 24 14 23
13 12 8 5 17 16 3 2 4 22 11 19
20 3 13 23 25 15 17 9 1 4 11
25 9 21 11 4 10 14 6 15 1 12 17
17 6 25 4 21 10 23 7 5 12
18 17 1 20 11 16 23 4 12
8 2 25 19 3 21 16 20 5 17
18 6 9 17 20 14 7 25 19 10 22
15 17 25 4 8 21 3 11 1 20
8 1 3 21 2 25 23 22 11 19 9 4
22 16 7 18 5 19 20 24 8 25
7 4 24 22 14 12 21 19 15 2 11
2 13 11 4 8 7 20 18
5 14 6 9 15 8 3 21 4 2 11
1 3 8 6 14 16 20 7 13 2 24 18
-5 3 -4 -3 -4 4 -4 5 -2 1 -4 4 -2 4 4 -5 4 -4 1 5 4 4 3 0
-1 -2 5 0 -2 -1 1 -3 5 5 -1 2 0 -4 -5 2 4 4 -4 -4 3 -2 3
-1 -3 0 -4 -2 0 -1 -3 2 3 -1 4 5 3 -5 5 3 -1 5 -4 -3 -1
-4 -4 3 -3 -1 -1 4 -2 0 -2 5 5 -1 3 2 -1 -5 -4 5 1 -1
-5 -5 0 -3 5 -1 -3 2 3 1 3 -5 -4 -4 -3 3 -5 0 4 3
-3 1 -3 -5 -1 0 -5 0 -2 5 -2 5 -4 0 3 1 4 -3 -2
-3 -3 1 -5 -3 0 1 5 -2 -1 -3 -4 1 -5 2 -2 -2 2
0 -1 -2 -2 -5 5 -2 1 0 -1 -4 -1 0 5 3 1 5
3 0 -5 -4 -1 -3 4 -1 -5 -4 4 1 0 0 1 4
3 -4 1 4 -2 -1 -5 1 -5 3 3 5 5 -2 0
1 -4 5 0 4 0 5 -4 -1 3 -1 5 1 0
1 -1 3 -3 -2 1 5 1 5 -3 4 4 -1
1 3 -5 -1 -1 -2 1 4 4 5 0 2
2 2 5 -2 3 2 -3 5 -4 -1 3
5 5 4 0 -4 -2 5 -1 -2 -2
-3 -5 -5 -2 2 4 -4 2 1
5 4 -2 1 2 1 -2 -3
5 -5 -4 1 -2 -3 3
2 -5 3 -2 -4 2
-3 2 5 3 3
4 0 2 4
3 1 3
2 -3
2