100
3 4 3 4 3 3 3 2 3 4 3 3 2 4 2 4 4 4 2 2 3 4 2 4 2 3 3 3 2 2 4 4 4 3 3 2 2 4 2 3 2 3 3 4 2 3 4 2 2 3 4 2 3 2 4 3 3 3 2 4 4 4 2 3 4 2 4 4 2 4 4 3 3 4 2 3 2 2 3 2 4 2 2 3 4 2 4 3 2 2 2 3 4 4 4 3 3 3 3 2
90 64 52
8 95 46 15
17 18 9
31 85 11 36
1 4 67
84 47 100
15 78 47
23 50
86 43 71
71 28 45 77
37 11 2
53 35 25
2 83
9 27 54 74
1 71
77 32 36 85
59 70 3 50
4 35 77 89
22 86
22 3
15 59 40
63 56 79 24
91 49
1 71 15 96
49 21
90 95 67
37 42 47
41 34 12
10 30
67 43
60 97 27 88
37 23 9 42
98 29 92 15
66 21 12
87 54 28
81 58
5 62
100 23 20 52
52 97
53 7 57
43 50
81 83 11
44 75 36
24 72 74 100
82 15
9 18 58
25 33 20 34
80 68
56 84
83 63 71
37 9 8 62
91 25
34 80 22
5 71
22 23 48 57
95 52 85
66 90 80
57 88 72
76 73
98 52 26 48
45 6 41 67
58 78 84 12
61 15
88 79 97
70 25 45 61
93 38
94 77 12 57
36 23 58 6
65 39
100 76 85 49
85 100 63 99
81 15 67
44 32 25
87 17 77 21
10 37
52 71 47
60 13
35 24
73 99 85
52 47
59 42 12 84
81 91
1 8
87 56 75
46 79 51 3
38 94
26 30 69 41
89 93 69
63 73
14 6
59 30
47 49 24
20 80 85 10
22 80 64 28
97 21 84 74
22 35 52
91 19 20
88 84 63
87 93 68
14 52
-4 3 -1 1 4 1 3 -4 0 -5 5 -2 2 5 -3 5 0 -2 2 4 4 -4 -2 -3 4 2 3 -2 -2 -4 4 -3 3 -2 -1 0 -4 0 -3 2 5 2 -3 -3 -4 -1 5 -5 3 -1 -1 5 -4 4 0 -2 3 2 -5 -4 -2 3 -2 3 -2 5 -1 3 1 -2 3 1 -2 1 3 -4 -1 0 5 -4 2 5 -2 2 -4 1 1 -2 -3 -4 -2 3 2 3 -4 4 -5 -4 -2
-5 2 5 -5 -1 -3 4 -3 -4 2 -3 0 1 0 -2 3 -3 -2 -2 0 5 -1 5 2 -5 3 -5 0 5 -1 -4 5 5 1 0 0 2 4 5 -2 -3 -5 5 -5 -4 -1 -1 -3 -3 -1 1 -5 -4 -5 1 -2 3 5 1 -4 3 3 0 2 -1 -2 -5 -4 -2 -4 -5 1 -1 0 4 4 1 2 4 -5 5 -2 -1 0 -2 -5 3 1 -2 2 -1 -1 4 -3 -4 3 0 -3
-1 4 -4 -2 -2 -4 -3 0 0 -1 0 -2 4 2 4 -1 1 -2 5 3 -2 2 4 5 -2 0 -2 0 -4 0 3 -3 0 -2 0 -3 -5 2 3 -3 -2 -4 -5 -3 -3 3 -1 -5 1 -1 -5 -2 -3 -2 2 2 1 -5 0 -5 -2 3 -1 4 1 0 1 -1 -3 1 5 -2 -4 1 1 5 0 -3 0 4 -5 0 -5 2 -2 -2 -5 1 2 -1 5 2 -2 2 3 3 -2
-2 -3 -2 5 4 1 -1 5 -5 4 5 3 0 4 -4 3 -1 2 -2 1 5 -5 -2 -5 -1 2 5 4 5 0 2 -5 2 -4 0 -2 -4 -5 2 2 -5 -4 4 -5 0 5 -4 5 4 1 4 1 -5 1 1 3 4 -3 -5 -2 5 5 1 -4 0 -2 -4 0 -4 -1 -1 -2 -5 -1 -5 -4 0 2 -3 -4 2 -2 0 -3 3 0 -5 -2 -1 1 1 -1 3 1 -3 0
-5 0 2 5 -4 4 4 -3 -1 4 -4 -2 3 -3 -3 4 3 0 -1 -1 5 5 -1 0 4 1 2 2 -1 -3 3 0 -2 4 5 -1 2 -4 -5 -2 1 4 0 -5 -3 0 2 -4 0 0 0 2 -5 -1 -3 1 -5 -4 -5 2 0 2 5 -4 4 3 -3 2 4 -1 -1 -4 -5 0 2 3 -2 -2 2 -2 0 2 -4 -2 -3 -2 5 4 -4 1 -5 -1 -2 -5 -2
4 5 -4 4 4 -5 -3 5 1 3 5 2 -2 5 2 0 0 3 2 -4 -1 -4 1 5 -4 -2 1 2 -3 1 -3 -5 1 2 0 -5 5 -2 -5 1 -2 0 1 -5 0 5 -2 -4 -5 -3 -3 5 -5 4 -4 -4 3 -3 -2 -2 -5 -2 2 2 -1 4 -5 -1 -4 -1 4 4 -1 -1 -3 -4 -4 -3 -3 5 5 -5 3 2 -2 -1 0 0 -5 1 -4 -4 -4 0
1 -1 -4 4 -2 -5 0 0 -4 3 -1 4 -3 5 4 -1 4 1 1 -1 -5 -3 2 1 3 0 2 -2 1 0 2 -3 5 -4 5 4 3 -4 -1 1 2 3 -3 -2 -1 -3 5 -3 2 -5 4 0 -2 -2 1 2 -4 5 3 5 0 0 -3 -2 0 -5 1 2 -2 -4 -3 -1 5 -2 -2 5 3 -4 -2 2 -5 -5 0 -3 -2 -1 1 -3 1 4 2 -1 -1
-2 0 3 -1 -5 5 -2 5 0 1 3 1 3 5 -2 -5 4 -4 0 -4 0 2 0 5 -4 2 1 2 -2 -3 -4 -3 -2 1 4 -5 4 -1 1 -5 -2 -5 0 2 4 5 2 -4 -2 5 -2 2 1 5 1 1 3 4 0 1 3 -1 3 2 -3 -3 0 -4 -5 1 -3 3 -1 1 -3 0 -1 1 2 -1 -3 3 -3 1 2 5 -2 -5 -4 5 -4 -3
-5 5 2 2 2 0 -4 2 -2 -5 -2 2 -1 1 -5 -3 -5 2 1 1 4 4 3 1 -2 -4 -5 4 0 -5 1 -2 3 -1 5 5 -3 -5 1 0 1 -3 3 -1 0 -2 -3 -2 -2 2 -2 2 0 -5 1 1 1 -2 3 3 -4 -1 -2 3 0 4 -4 -3 -4 5 -3 5 4 -5 -1 4 -2 -2 -1 -3 -2 4 -3 5 1 4 5 -3 -2 3 -2
5 -5 3 -3 -4 4 0 2 5 -1 1 -2 2 -1 -3 -4 5 -2 -3 2 2 -1 -1 -1 -2 1 3 1 -1 -3 -5 2 0 5 4 2 -2 -2 1 -1 -2 0 -2 4 -3 4 -2 4 4 3 -5 0 -3 -5 2 3 5 -5 -3 -3 2 1 0 -3 -2 1 0 4 4 2 -4 2 -1 -4 5 -1 -1 3 4 3 -1 0 3 2 -3 1 -3 -3 -1 2
-5 -5 -5 -5 1 4 -3 -1 -1 1 -3 -2 4 -3 1 4 -2 1 -4 -4 4 -4 5 2 -5 -4 5 -3 4 5 3 -5 -2 4 3 1 5 4 4 0 3 4 -3 -5 4 4 -3 -1 -4 3 -2 -4 3 3 2 1 1 -2 -4 -2 0 -1 0 -3 -1 -1 -1 5 1 4 1 -5 0 2 -3 2 4 -3 1 -5 -2 -1 -1 0 -2 -5 0 4 5
3 3 -1 -5 2 -4 1 -5 -2 0 -4 5 -4 2 -5 1 -1 -2 -4 1 -1 -2 -1 -2 1 5 1 2 4 -2 -4 0 -2 1 3 -5 0 -4 1 2 -3 -1 2 5 3 4 5 -2 5 1 -3 3 -2 2 -4 -5 4 5 -5 -1 1 1 -3 4 -3 -2 0 -3 -4 -1 0 5 1 -2 5 5 4 5 -2 0 -3 -1 -4 0 -1 3 -5 0
4 1 1 3 0 1 2 1 2 3 4 -1 -2 -1 -2 -4 3 1 -5 2 -5 0 0 0 4 4 3 1 3 -4 0 -1 -1 -4 0 2 -4 -3 -3 2 2 4 -5 -4 2 0 4 -3 -1 2 -3 3 2 4 4 4 -5 -1 3 1 -2 -2 -1 2 -1 5 -3 -4 3 3 0 1 5 0 -4 1 0 -2 -2 5 -3 4 1 2 -5 -5 3
5 2 3 0 -2 3 5 5 -4 4 4 -3 2 1 -4 5 -4 1 -1 5 4 -2 -5 5 3 5 4 -5 5 -2 -5 -1 1 -2 3 4 -1 5 -4 -5 2 -1 2 3 1 2 -1 -3 -3 0 4 4 4 -4 0 -5 5 4 -3 -3 4 -2 0 -1 -2 -4 -2 5 3 -3 3 -5 -1 0 3 -4 -4 -1 5 -2 2 2 2 -3 4 -4
3 5 5 -2 -2 -2 -3 4 -5 5 1 -4 5 1 -3 2 -3 0 -3 3 4 3 -3 2 2 2 -1 -5 5 -3 0 5 -2 1 -2 1 5 -2 0 3 -2 -5 -5 -2 -1 2 2 -3 -1 -1 3 5 4 3 0 -1 -4 -4 0 -3 5 0 -3 -1 1 0 4 -1 3 -1 1 1 -5 0 1 -1 -1 1 5 -1 -1 -2 -2 2 -2
3 0 2 0 -2 0 -2 -3 1 -4 5 -2 -1 -3 3 -1 -1 -3 2 4 -1 3 1 1 5 5 -4 -3 -5 3 3 0 3 1 -3 -4 -5 -3 1 -5 4 4 -1 2 -5 -2 -1 2 4 -3 1 2 -3 3 3 0 1 1 2 5 -3 -4 -4 3 5 -4 -3 -1 3 -1 2 3 3 2 2 -4 -4 3 3 -3 -3 -3 -5 -3
2 -2 3 5 -4 4 4 -3 -3 3 -2 0 4 4 -4 5 -2 -4 1 -1 5 -2 4 -1 2 0 -4 -4 5 5 -5 4 1 -5 1 4 -3 -3 -5 2 -1 5 -1 -3 3 -3 -2 1 -4 2 -3 0 2 1 5 -2 0 1 0 1 3 -3 -1 -3 1 3 -3 -3 -1 -1 1 -4 -3 -4 -5 2 0 1 2 -4 4 5 3
2 0 3 -2 -4 -3 -4 -3 5 3 0 3 -3 -4 -3 -3 -5 -2 -4 0 -4 4 0 1 0 1 -4 0 4 -1 4 0 0 1 4 -2 3 1 0 -3 -3 2 0 -1 1 -1 -1 -4 0 -5 3 3 -1 1 1 -1 -5 4 -2 5 -5 2 -4 -1 0 -5 -1 5 4 5 -3 1 5 3 2 -3 -1 0 2 -3 -3 1
-1 -2 -4 4 -4 -1 5 4 -2 2 0 3 2 4 3 3 -1 -2 2 -4 -2 5 1 0 -2 4 1 4 4 3 2 1 2 1 -5 -5 -1 -5 2 3 4 1 -5 3 2 -3 3 1 -2 -3 -3 -2 2 5 3 1 5 2 -1 0 1 3 -2 5 0 -3 -3 -5 -2 -5 -3 -1 -4 -3 -1 -2 -1 -5 3 1 5
3 3 0 0 -1 3 5 -5 -3 -1 3 -5 -5 -5 -2 3 2 5 1 2 3 1 2 4 -1 1 3 4 2 0 0 -1 0 -4 -5 0 -5 4 -1 -2 -2 -3 4 -3 5 -3 -3 -2 2 0 1 5 -4 5 -3 0 4 -1 -4 2 -1 1 -3 -4 -4 5 4 -5 -1 2 -4 2 -4 -3 4 0 -5 -2 -3 -5
-2 -5 3 -4 -1 -2 -3 0 -1 4 2 -5 0 -2 1 -1 5 1 5 2 -2 1 -4 5 3 -3 5 5 3 -4 4 1 3 -3 -1 -1 4 -4 -4 -3 -3 -3 -1 -1 1 4 3 4 3 -5 -4 2 3 -3 3 -5 0 -4 0 -1 5 3 1 -5 3 -5 -4 5 -5 -2 -4 2 1 1 -5 2 -3 3 4
5 -2 0 1 2 3 0 4 0 4 5 5 0 -3 3 -2 4 2 3 -5 -5 -1 2 0 3 5 -1 -1 -3 0 -1 4 1 3 -3 -4 4 -3 5 -2 1 -3 1 5 -5 -5 4 5 5 -2 -2 2 2 4 -3 1 -1 1 -3 3 3 -3 4 1 -5 -5 -5 5 -5 2 4 -2 -4 -5 3 -3 3 2
2 -2 4 4 4 5 -3 3 1 5 3 2 3 5 -4 -3 -2 -2 3 0 4 -5 -5 1 -5 5 5 3 0 1 -5 3 2 0 -1 -4 -1 -4 1 -1 -4 2 0 -3 4 1 -4 -3 -3 -4 -5 0 -5 2 -4 -4 -5 -1 3 0 2 1 2 2 5 5 0 -1 5 0 -3 5 -4 -1 5 -1 -2
4 -4 4 -3 2 3 5 -1 2 2 -5 3 1 -1 -3 -5 -5 2 3 -1 -3 -3 2 -2 0 4 -2 1 -4 -1 -3 -5 -3 -5 0 -2 -3 3 5 2 0 4 0 -1 5 2 4 1 5 0 -5 -2 -2 0 2 -3 5 5 4 1 1 -1 -5 1 -3 1 -4 -1 3 -1 -2 2 3 1 5 1
0 1 -1 4 4 -4 -5 -2 -5 0 -1 3 0 -5 -3 -1 -5 0 3 2 2 2 1 3 0 -4 0 -3 4 2 -5 0 1 -1 4 1 4 -3 1 0 -2 -3 2 -3 3 -5 -3 -1 0 -1 5 1 -4 0 1 1 5 -1 -1 5 5 0 0 -1 2 3 -2 -5 1 5 -5 0 4 -2 4
3 -4 -2 -1 4 -5 -4 1 5 5 -4 -4 5 -2 -2 0 -2 -2 5 1 -1 5 -2 -4 -3 4 3 -1 -2 -5 1 -1 -1 2 -5 2 0 -1 -2 -2 4 -2 -3 1 4 -3 2 -3 -1 0 4 0 3 0 -5 0 5 -5 -4 5 -2 5 0 -5 0 -1 -5 0 2 0 2 3 -4 0
1 5 -5 -2 0 5 2 1 4 5 -1 -3 5 1 -1 4 -3 -3 -4 0 0 -2 0 2 -4 -5 -5 1 0 0 -4 -1 2 5 -2 -4 5 4 -1 0 -2 4 -4 -1 3 2 0 3 1 1 -5 1 4 1 5 0 1 2 -4 5 -5 2 -4 -2 -3 5 5 0 -3 -1 3 4 5
1 4 1 0 -1 -3 -4 1 -2 2 -1 2 3 0 -2 4 1 5 -1 -4 5 4 1 4 3 -2 -3 -1 3 3 -3 1 -5 -1 5 4 5 5 -4 1 5 4 -5 4 0 -1 4 -2 3 -1 -5 -3 1 4 2 4 4 3 -4 2 -3 -2 5 -3 3 -5 -5 -2 4 -3 5 1
2 4 -1 4 -3 -2 -4 5 0 4 1 -2 3 -4 4 0 0 0 2 -5 5 -1 5 3 1 -2 -5 -2 5 -2 1 -5 2 2 -5 3 -5 -1 4 -1 -2 2 2 1 0 5 1 -5 -1 -4 -3 -2 1 -4 3 0 -2 0 -4 -2 -4 -2 -3 3 -4 -5 -5 -3 -4 4 -4
5 3 -2 3 3 5 1 -1 1 4 0 -1 4 -4 3 -3 -5 -3 2 5 -5 -1 4 -4 -3 3 -2 4 -1 3 1 -5 3 -5 2 -1 4 3 2 -3 -3 2 -4 3 4 -1 1 -3 1 5 4 -4 -4 -1 3 3 -2 -4 -3 1 -4 -2 -4 -2 -3 -2 -3 1 1 5
5 -2 -4 -2 -5 3 3 5 -5 -3 1 5 -2 -2 -5 1 4 3 0 0 -5 1 2 4 -3 2 4 -5 -3 0 4 -5 3 -2 -3 -4 -1 -3 -2 3 4 0 1 4 -1 -4 1 4 -2 -3 2 1 2 0 -3 -3 -4 -5 -1 -5 -2 -4 -2 -2 0 -3 -1 -2 5
-4 0 3 3 3 3 -5 3 -3 -1 -4 -4 -3 -3 0 0 -2 -1 -1 1 5 5 -5 -2 3 0 -3 4 2 3 -1 3 1 0 2 3 -3 2 4 -1 3 -1 -4 -4 0 4 2 -1 0 -1 4 -3 -2 -1 -1 -3 2 4 5 2 2 3 0 -2 -3 -4 -2 -4
3 0 3 -4 -5 -5 -2 2 3 5 -2 -3 -4 -4 0 -1 -2 5 0 1 -4 2 0 -3 0 -5 5 -1 -3 5 -2 0 5 -5 4 1 -1 -2 4 3 5 3 0 4 5 -1 3 -1 2 1 -2 5 1 4 -2 3 -1 -5 4 -2 -5 -5 3 4 2 4 -2
-4 1 0 1 -1 -3 4 1 -1 1 1 -1 -1 5 1 -5 -5 1 4 5 -3 1 2 -5 1 -5 -1 0 2 5 1 -3 -1 -4 -4 -5 -3 5 4 -4 1 -1 -3 -2 2 1 -4 -3 3 3 -1 4 2 -1 2 -1 5 5 1 0 3 0 1 -4 -2 -2
-4 -5 2 -3 1 -4 -3 2 -1 -1 -1 0 -2 4 -3 -1 2 5 3 -4 0 -2 -4 1 -5 -4 3 -4 5 -5 3 1 0 -5 -3 1 4 4 -4 -3 -5 1 -4 -5 1 -5 0 0 -4 -3 4 -3 -2 1 -3 -4 -4 -2 2 -1 0 2 -4 -3 -4
-5 -5 -3 5 -5 -2 1 -5 2 -1 3 3 1 2 4 -5 -3 0 -4 -4 4 -1 3 3 -2 0 3 -1 2 -1 -1 -2 5 5 0 1 5 -5 -4 -1 -3 -3 -4 1 4 2 4 0 -3 3 2 0 3 2 -2 1 1 2 -1 -2 3 -1 -4 -1
3 -2 1 -3 -3 2 2 -3 -2 0 -5 5 -2 0 -4 5 5 -1 2 4 -3 5 -3 -2 1 -3 1 3 -4 4 4 4 3 -3 -5 2 2 1 -5 4 -2 -4 -2 -4 5 0 -5 3 -5 2 -2 0 -5 5 3 -5 2 -5 1 -2 3 -3 1
1 5 -2 1 -4 5 -1 3 5 -5 -5 5 -2 1 -2 5 -5 -4 -3 -3 1 3 0 -2 -2 5 -5 4 1 1 4 -3 -2 3 2 -2 -3 -3 1 -4 -4 2 -3 -4 -2 -1 2 -4 -2 -2 4 -1 0 -3 1 5 4 -2 -4 -3 -4 0
-3 -3 -1 4 -2 0 -2 -4 -5 -2 -1 1 3 2 0 5 0 -1 5 4 5 5 -3 -3 -4 3 3 -1 1 1 -4 -4 1 -1 -4 5 -3 5 3 -2 -1 -4 5 3 -5 -1 4 -2 -5 1 4 -1 -2 -2 -2 1 2 3 -4 -5 4
3 -3 5 2 3 4 -2 2 -1 0 1 5 2 2 -4 -5 -1 4 4 -3 -5 -3 2 -4 -5 -1 -4 3 -4 4 -5 4 5 0 0 -2 -2 4 1 -5 5 4 -5 3 3 -3 1 5 4 -1 1 1 0 3 -3 2 5 -5 3 -5
5 5 4 5 -3 -3 -2 3 -2 -2 4 -1 4 5 0 -3 3 5 -2 0 -4 1 -5 -3 0 -4 3 -4 3 2 -3 -2 -2 2 -5 2 -1 0 -1 0 1 4 -2 3 5 3 -3 5 4 1 5 1 -2 -5 1 4 4 0 -5
2 -5 4 -1 1 -4 -1 1 0 -4 3 4 0 -1 -3 -3 2 0 4 0 0 5 1 -2 3 -2 2 2 4 3 1 -4 -1 -5 1 -4 2 -2 -5 0 0 -3 3 1 -2 2 -5 0 0 -2 -1 4 2 1 3 1 4 4
-4 1 5 4 1 5 5 -3 0 -4 -1 -5 -5 -3 5 3 1 0 2 2 0 -5 0 -1 4 3 0 -2 -2 -4 5 -1 -5 4 -4 4 -1 1 -4 5 1 1 -5 -4 -3 -1 -2 2 1 2 -2 2 0 0 -2 -2 5
3 4 1 1 -3 2 -4 4 -3 5 1 3 2 0 5 -3 -4 2 0 5 -1 -4 -2 -3 -3 2 -2 -1 -1 2 -4 3 -4 -2 4 -1 -5 -2 3 1 3 -5 3 -5 4 0 3 3 -1 5 -3 -5 4 2 -2 -3
1 5 1 -4 -5 -1 2 3 -3 -3 -5 3 2 3 0 3 -5 5 -1 -3 5 4 1 1 1 -4 3 -2 2 -2 0 3 -3 -2 -3 -3 2 2 -4 0 -4 2 3 4 -4 -2 4 2 -3 -3 0 -1 5 4 -1
4 0 -2 4 -4 -4 3 -1 4 -3 1 -5 5 -1 -4 -1 2 -1 4 -2 -3 -5 -1 4 1 -1 -4 4 4 2 1 0 -4 4 -3 -3 -3 2 -5 1 -3 0 -5 2 -3 5 3 0 3 4 3 1 -3 4
-3 1 1 0 -4 -5 5 -2 -2 -2 4 0 0 -2 2 5 -2 2 -4 3 1 -4 1 -3 -5 -5 -3 1 4 2 -4 1 -3 -4 -4 5 1 0 0 1 5 4 -2 0 2 1 -2 2 -3 5 4 -5 0
-2 -5 -2 0 4 -4 -1 -5 1 -5 0 -2 -4 3 -2 4 -1 -2 0 0 -3 -5 4 1 -3 0 -2 -2 5 0 4 -4 -1 2 -1 -5 1 4 -3 1 5 -1 -1 1 -1 -3 -1 -5 2 -5 4 -1
-2 4 1 5 -5 -4 3 3 -5 -1 -3 -3 3 -1 5 1 3 0 2 -2 -5 3 5 4 -4 -1 4 1 4 -1 -2 -1 -3 4 4 0 -2 -4 -3 1 -2 2 -5 4 -2 3 4 -3 -2 2 4
-5 -3 4 1 5 -4 2 -1 2 -2 4 1 -4 2 2 -1 -4 4 0 -1 4 -4 -4 2 -4 -2 5 0 3 1 -1 3 4 -1 2 -5 -5 2 4 -1 -3 -5 5 -3 1 1 5 2 -5 0
0 4 4 -4 5 4 3 -1 2 -4 5 5 -1 2 -2 -3 -1 -3 -3 -4 2 -1 5 -4 4 5 -1 4 3 3 0 5 3 2 2 -3 0 -2 -5 2 5 -3 -4 4 -1 -5 -3 -2 4
-5 1 -3 -3 -3 0 -1 -3 2 -3 1 0 5 5 0 -1 -1 -2 -1 3 0 -3 4 -3 -3 2 0 5 -1 -4 0 -5 -1 4 -2 5 5 -2 -3 2 -3 1 -2 -1 -2 2 1 -3
1 2 -2 5 -3 -3 -5 3 1 4 -5 -5 -2 -4 -5 -1 0 -3 -5 2 1 2 2 5 -4 1 -2 -4 5 -3 0 0 3 1 -3 -3 -1 -5 2 2 -1 -1 -1 -1 -4 -2 -4
-1 0 3 5 -5 1 5 2 5 -5 5 3 -4 -3 3 -3 4 -3 3 2 -2 4 3 5 3 2 4 -4 -1 4 -4 5 -1 -4 -1 -4 -1 1 2 5 3 4 -1 5 0 -1
-4 -4 -5 -5 -3 -1 4 1 5 -1 -1 4 -3 -4 5 2 -5 -5 -3 -3 5 0 2 -2 -5 -2 5 0 3 2 0 -4 5 4 -1 -2 4 0 -4 -4 1 -5 2 1 2
0 -2 -4 5 -4 -3 -5 4 4 1 -5 -5 1 5 -3 -4 1 -4 1 2 -4 5 -4 1 4 -1 -3 -3 -2 -5 1 2 2 0 1 -4 2 -2 3 -5 -4 -3 4 -2
2 5 3 5 -5 4 -5 -4 5 1 -3 -3 -1 -2 4 0 -3 3 1 4 4 0 1 -1 -4 1 2 1 5 -3 0 5 4 2 -5 5 4 0 -3 0 1 0 3
3 2 -3 -4 -1 -4 4 -4 1 0 -5 4 2 -4 3 3 -5 -2 4 0 0 -3 2 -1 -3 1 4 4 -2 -5 -1 -5 -2 0 0 -2 -4 -3 4 -5 5 3
5 -5 -1 -1 -5 3 4 -1 -1 1 3 -4 2 0 -3 4 -2 1 -5 3 -2 -3 4 -4 4 -3 3 -1 -2 2 2 -2 1 -2 -5 -5 -1 3 -2 0 4
0 -2 5 -1 -1 0 -3 -4 4 5 -1 -1 5 -4 0 2 1 -5 4 3 -5 -5 -3 0 2 -3 -1 -2 0 3 5 1 -2 1 3 -2 3 -3 -3 5
4 0 3 3 2 3 4 -4 5 2 4 3 3 -4 0 4 -5 2 -4 -4 -5 5 2 1 3 -3 -1 -3 -5 -1 -3 2 -3 -1 3 0 3 0 2
2 -5 -3 -4 -4 -5 3 -1 3 3 2 2 -5 -5 0 1 1 -5 1 0 3 1 -2 -3 -3 -2 1 -2 -1 4 4 5 4 -3 2 1 2 4
4 -4 -4 -4 4 1 4 0 1 -2 -5 -1 0 -5 5 5 4 -5 -5 2 2 -1 5 -5 -4 -3 4 2 -4 -2 -2 -3 -4 1 5 -5 -3
-4 5 -5 3 0 2 -5 1 0 3 2 3 -1 2 0 2 -1 -4 -3 0 -4 1 3 3 4 -5 -2 5 2 -4 1 3 -1 1 -3 -1
0 1 -4 0 -1 -1 4 0 -5 -1 -2 -4 1 -2 2 -3 5 -5 3 0 -2 -4 1 -1 3 4 3 4 -4 3 -3 0 3 3 1
4 4 0 0 1 3 -4 0 -1 3 -3 2 3 -2 5 -1 3 -1 -5 4 0 2 -5 -1 -1 5 1 -1 0 -2 0 1 -2 -4
3 -3 -1 4 -2 4 -1 -3 4 0 0 -5 4 -2 0 3 4 2 3 2 2 -4 3 -2 -3 -2 -5 -1 -1 -5 1 -3 -5
2 0 1 3 4 3 -4 -1 -3 -5 5 2 -5 -5 1 1 3 -2 -3 -2 0 3 1 -4 1 0 -3 -2 1 -4 0 -2
-2 -3 4 2 1 2 1 -4 5 4 4 -5 -1 0 3 -2 3 2 -4 -4 2 0 0 4 0 -1 3 3 -2 2 0
3 4 3 -1 3 -1 2 1 -3 0 -2 2 -4 4 -2 -5 -1 5 4 3 -3 3 -3 3 2 -3 -2 -2 -3 3
-5 5 4 -5 4 2 4 -3 0 0 5 3 -1 -3 -5 -5 -2 2 -2 0 3 -4 0 4 5 5 0 -5 3
-2 0 0 4 3 4 3 -4 -4 3 3 2 -3 -5 -4 0 -2 -3 1 5 1 0 -1 2 -5 4 -2 2
5 0 -4 -5 1 4 -2 -3 -2 -1 4 4 -2 3 -5 -3 -1 0 -2 -2 -4 4 -2 4 -4 -2 1
2 -1 2 2 -4 -5 -3 -4 2 0 -2 3 -5 0 2 2 1 3 3 5 5 3 -5 1 -2 -2
-4 -4 4 -3 4 0 1 -4 -4 0 -2 1 -1 0 -4 2 0 -4 -5 0 -2 0 5 1 2
-2 -5 5 -2 -4 2 1 4 0 5 -5 3 3 0 -1 -5 -2 -2 0 -5 -5 -2 2 -3
-2 3 -5 5 2 1 4 2 -5 2 1 1 5 0 -1 3 4 -1 1 -3 -5 4 2
2 1 -2 1 5 3 -5 3 -5 -2 3 0 -3 4 -4 4 -5 -3 -4 -1 -3 3
1 0 -2 5 -5 -2 -4 1 -2 0 -5 1 0 4 5 5 5 -2 -5 3 2
3 2 4 0 1 -3 2 -1 3 5 -4 -4 4 -2 5 5 4 -3 5 4
0 5 -2 4 0 -1 4 2 -2 1 3 3 5 0 0 -5 -2 -4 -1
-2 3 -3 3 -4 0 2 2 1 -4 -1 -4 -4 0 -3 -4 0 4
1 -2 -5 5 -2 5 4 -3 -4 5 4 -3 -1 -4 0 4 2
5 0 3 -5 2 -1 3 -2 -4 -3 1 3 -4 -3 5 1
-4 -1 -2 -4 0 5 5 -1 2 0 0 2 -5 -1 0
-5 3 3 5 -5 4 4 0 3 -5 -1 -4 -1 -2
2 -1 4 -4 0 -3 5 5 3 5 4 -4 5
1 -5 -5 0 -2 -4 1 -4 2 0 -1 4
5 -3 -3 5 4 0 -3 4 -3 5 -1
1 1 -4 -4 2 4 1 -2 1 2
-4 5 4 1 -5 2 4 -1 -1
1 2 3 3 -4 5 -3 -1
-3 -5 1 3 1 -1 -3
-4 1 1 -4 5 -4
0 -2 -5 5 -1
-1 -1 3 -4
5 -3 3
2 -3
0