50
15 11 14 12 14 11 14 13 11 11 13 13 11 12 15 13 15 11 16 13 11 16 10 10 10 15 10 11 11 15 11 10 12 16 16 15 14 10 12 12 13 16 13 14 13 10 11 13 16 16
8 2 48 18 16 15 9 7 35 6 38 28 3 49 41
15 33 39 2 36 13 42 35 27 50 29
18 1 11 45 28 22 50 10 14 47 7 6 25 40
23 39 17 3 30 35 8 25 6 36 19 24
13 46 5 3 43 15 19 6 45 7 25 18 30 24
24 23 14 43 18 45 44 42 5 39 11
47 16 11 30 25 18 41 36 15 21 4 42 3 44
18 5 14 37 46 21 48 42 32 26 30 10 17
16 48 36 35 17 38 28 45 26 24 15
33 32 6 4 8 10 41 11 28 39 5
25 39 30 34 17 36 1 8 35 18 22 43 19
11 30 1 47 17 33 12 45 7 41 20 43 13
24 49 11 35 34 1 39 21 32 2 8
20 16 4 49 37 6 45 32 5 35 9 40
31 36 11 17 34 39 28 14 35 13 20 26 24 29 46
8 16 15 5 22 2 38 36 48 44 42 1 47
41 4 15 5 3 22 47 33 16 18 32 14 35 9 31
31 27 13 7 47 43 28 23 44 49 30
47 4 44 42 50 7 49 26 22 45 16 13 39 35 29 9
12 18 30 16 5 29 36 7 4 35 1 6 47
27 32 31 14 26 4 11 25 1 43 17
30 19 28 45 36 43 32 10 13 49 14 4 38 35 39 21
4 38 31 33 34 11 50 47 6 12
39 5 44 16 26 8 37 47 38 50
40 6 27 43 38 37 34 21 17 14
46 21 16 17 26 9 43 42 20 30 49 5 1 41 7
35 14 33 17 9 23 5 16 24 19
29 35 46 20 40 42 34 1 36 47 7
17 8 7 36 10 18 19 39 14 22 42
41 17 33 32 49 4 6 50 28 18 3 1 22 9 46
48 29 36 46 28 50 1 8 5 10 35
24 38 36 10 28 9 3 20 50 44
14 44 16 43 7 23 36 27 40 10 48 11
12 27 2 50 22 49 43 16 18 11 7 25 3 31 15 13
30 23 20 15 47 2 43 13 26 22 18 5 40 49 33 42
35 22 2 8 17 12 38 46 3 7 39 28 23 21 40
33 8 25 37 13 17 3 28 1 34 35 46 24 43
43 22 40 21 50 8 20 33 44 27
26 45 19 36 9 13 27 43 25 12 40 37
26 36 1 20 19 14 28 38 39 21 30 29
44 14 33 31 11 43 6 19 48 41 40 22 50
49 16 44 20 15 13 10 2 3 50 31 5 30 27 45 25
26 16 10 42 45 1 7 28 15 12 34 30 4
16 8 30 9 48 43 34 36 39 21 29 33 28 45
11 48 31 29 17 16 41 18 34 32 45 43 47
46 19 16 18 22 21 35 6 9 10
25 45 10 46 14 5 27 44 22 35 30
4 14 27 25 38 45 2 37 47 31 1 23 20
25 27 35 48 39 15 32 45 18 28 44 2 50 22 26 11
30 9 40 35 2 26 38 37 46 6 28 49 50 12 4 17
1 -2 -4 4 5 -2 -4 -1 5 4 -4 4 -5 0 3 1 5 0 -4 3 5 0 -5 1 2 -4 1 0 5 2 -3 1 -3 3 5 -1 4 3 2 2 1 4 -1 0 -2 -4 -1 2 -2
2 4 4 5 1 0 -5 2 0 -3 2 -2 0 -1 0 -1 4 -1 3 -5 3 -2 -4 -2 1 2 3 -2 2 5 2 2 -5 -4 -1 -2 1 -2 -1 5 4 0 2 3 3 0 1 3
0 0 2 -1 -1 -1 -2 -4 -2 0 -4 3 -3 -2 -2 2 -1 4 3 4 -1 -4 -2 -1 -2 0 -3 -1 -5 3 -3 -1 -5 -5 3 -1 -3 5 2 -4 -5 4 -1 2 2 2 0
-3 -5 -1 2 -4 -4 1 2 -4 4 5 5 -5 -3 -3 4 -1 -4 -2 -4 3 1 4 4 4 -2 3 1 2 2 -1 4 1 -1 4 4 -5 4 -4 -2 5 -2 -1 5 -4 -3
-2 -3 3 -4 -3 -5 1 2 4 2 -1 -5 -2 -1 -1 2 -4 5 -2 -1 5 4 5 -2 1 -4 3 -2 5 -3 -1 -3 -4 -5 -3 -1 4 4 -1 2 -4 2 -1 1 -1
3 3 2 2 -4 4 -5 1 0 4 -1 -5 -4 -2 5 4 4 -5 5 -1 4 -5 -3 2 3 5 2 -1 -3 4 1 5 2 -4 2 0 1 0 0 5 -4 -3 0 1
2 -1 5 1 3 -5 2 -4 0 -1 0 -4 1 3 -5 5 3 2 1 -5 -2 3 0 4 2 5 2 -5 -2 -1 3 -3 -1 2 2 -4 -5 5 4 -2 -3 -1 3
-5 3 1 -4 -2 -4 2 -4 5 -3 2 -1 3 -1 1 2 2 -2 2 3 -3 1 -2 4 3 -3 -4 -1 1 0 3 -1 -5 -1 -1 4 4 5 2 -3 2 3
2 0 0 3 3 1 2 0 -2 -2 4 1 -2 1 -5 0 2 1 1 5 5 -3 2 -5 -3 3 4 0 -4 2 -4 3 2 -5 -3 1 5 -3 -4 2 -1
0 4 1 5 -4 0 5 3 1 0 5 2 3 -5 4 -4 -2 5 5 -1 -2 -4 1 -4 5 -4 2 -3 -1 -5 -5 0 -5 -1 0 0 1 -3 -2 3
1 4 5 -3 -3 -3 -4 4 1 4 5 -2 2 4 -3 -2 2 5 -1 2 -1 5 -5 2 -1 5 3 -3 -4 2 0 4 -1 5 1 -1 2 -1 -2
1 2 -4 -2 1 4 0 4 -1 -1 -5 5 1 -1 -5 4 5 -5 4 2 -1 -2 4 0 -2 5 -2 4 -1 5 5 5 -3 5 -4 5 5 -5
-1 2 -5 4 0 -3 -4 -1 0 1 -3 -2 -3 3 0 3 3 -1 -3 -1 2 -1 0 -4 2 -4 -3 -2 5 5 1 3 0 -4 1 -5 -1
3 -4 2 0 5 5 -1 4 1 5 0 -4 5 -2 2 -5 4 3 0 4 -2 5 -4 5 2 -1 5 1 -4 -3 -5 -5 -1 2 -4 -4
-2 3 -3 1 2 0 5 3 1 4 -3 1 5 -4 2 4 1 -1 -5 0 -2 2 2 -2 0 -4 5 0 3 5 0 -5 1 -1 -2
-4 2 -4 5 -2 5 5 4 -5 -5 0 -2 -3 4 -2 -4 3 -2 4 -2 -2 0 -3 4 -5 -1 -3 -3 3 -1 -3 -4 5 -5
-3 -5 0 -2 4 0 -5 -3 -1 -5 -3 1 3 -4 -4 2 2 0 3 4 -4 2 3 -2 4 -5 5 3 -1 2 5 -5 -5
2 1 1 5 -4 2 2 -4 -4 0 4 -3 -4 -3 -1 4 5 4 3 0 1 4 3 -1 2 3 4 1 -4 -4 5 5
3 -2 1 2 -2 1 0 2 1 1 -4 0 1 0 5 -1 0 -3 5 2 -4 -4 -4 -4 1 -4 0 -3 3 -5 4
3 3 0 5 -4 1 0 5 1 -5 -1 4 -1 0 -4 4 3 -2 -3 5 2 -2 -4 0 3 0 -4 -1 4 -2
1 3 4 4 5 5 3 -5 4 5 -1 -5 -3 -1 -1 0 0 -5 -3 -3 4 5 1 -4 -3 5 -5 -4 3
-2 1 1 2 0 -3 0 -1 0 4 4 -4 -5 -3 -3 4 -5 5 -4 -1 2 5 1 2 4 2 1 -1
-2 3 -4 0 1 -4 -1 5 5 4 2 3 5 -1 -5 -2 1 4 -5 -5 -2 -1 -2 -3 -1 -1 0
-4 -5 2 1 -3 -3 1 3 -2 3 3 5 0 -4 1 -5 1 -5 2 -4 0 4 1 4 1 5
1 -1 -4 1 -5 0 -3 4 2 0 -4 1 -4 -2 1 4 1 3 -4 1 -1 0 -2 0 -3
-4 3 5 -4 3 3 -2 0 0 5 -3 -2 -4 -3 -1 -2 -3 4 -3 5 -4 -3 5 2
2 4 4 2 5 4 5 5 4 0 5 0 -3 2 -4 2 2 5 -1 -1 4 -5 0
3 -4 -1 2 2 -5 -5 0 -1 -4 5 -4 4 4 3 1 2 4 3 -5 2 4
5 -2 0 4 2 3 -3 -5 2 -4 0 -4 3 5 -3 -5 -2 2 2 3 3
4 -3 0 0 -1 1 1 0 5 4 -5 5 5 0 -4 0 -4 3 5 1
-1 -1 5 4 -3 0 -4 4 5 -3 0 -1 5 5 1 -3 4 -4 -1
3 1 5 0 -3 5 5 3 -4 5 5 1 3 0 -5 0 -1 -3
-2 0 2 -2 -2 -3 -3 -4 -1 -4 3 3 3 -5 5 0 4
-3 4 1 -3 -3 -3 4 -3 2 -5 1 0 5 -2 2 4
-1 2 -2 3 -2 -1 2 -2 0 5 4 2 2 -1 1
3 3 1 -3 -2 4 -3 -1 -5 5 2 0 3 -4
3 -4 -1 -4 -3 -1 2 3 -3 1 -4 -2 2
0 -5 1 -5 1 3 0 -2 1 -4 0 -2
-5 0 -4 5 0 -3 -3 -5 -1 2 -3
2 2 4 -5 -4 -5 -1 -2 -3 3
4 3 1 -4 -1 -2 -1 -4 -5
-2 1 5 4 2 -4 -4 2
4 3 -5 5 3 4 -2
-3 -1 1 -5 4 0
-2 4 1 -3 5
5 -4 3 0
-4 3 3
3 3
3